Chunks Count
1
2
4
8
16
32
64
128
256
512
1024
2048
4096
8192
16384
32768
65536
131072
262144
524288
1048576
2097152
4194304
8388608
16777216
33554432
67108864
134217728
268435456
536870912

Paillier
0.0007
0.0022
0.0052
0.0112
0.0232
0.0471
0.0950
0.1907
0.3821
0.7649
1.5305
3.0618
6.1243
12.2493
24.4993
48.9993
97.9993
195.9993
391.9993
783.9993
1567.9993
3135.9993
6271.9993
12543.9993
25087.9993
50175.9993
100351.9993
200703.9993
401407.9993
802815.9993

EC ElGamal
0.0003
0.0010
0.0023
0.0049
0.0102
0.0208
0.0419
0.0841
0.1686
0.3376
0.6755
1.3512
2.7028
5.4059
10.8122
21.6247
43.2497
86.4997
172.9997
345.9997
691.9997
1383.9997
2767.9997
5535.9997
11071.9997
22143.9997
44287.9997
88575.9997
177151.9997
354303.9997

OPE
0.0000
0.0001
0.0002
0.0004
0.0008
0.0016
0.0033
0.0066
0.0132
0.0263
0.0527
0.1054
0.2109
0.4218
0.8437
1.6875
3.3750
6.7500
13.5000
27.0000
54.0000
108.0000
216.0000
432.0000
864.0000
1728.0000
3456.0000
6912.0000
13824.0000
27648.0000

ORE
0.0000
0.0001
0.0003
0.0006
0.0012
0.0024
0.0048
0.0097
0.0195
0.0390
0.0781
0.1562
0.3125
0.6250
1.2500
2.5000
5.0000
10.0000
20.0000
40.0000
80.0000
160.0000
320.0000
640.0000
1280.0000
2560.0000
5120.0000
10240.0000
20480.0000
40960.0000

Plaintext
0.0000
0.0001
0.0002
0.0003
0.0007
0.0014
0.0029
0.0058
0.0117
0.0234
0.0469
0.0937
0.1875
0.3750
0.7500
1.5000
3.0000
6.0000
12.0000
24.0000
48.0000
96.0000
192.0000
384.0000
768.0000
1536.0000
3072.0000
6144.0000
12288.0000
24576.0000