Type,Block Size,Dimensions
Chunked,1,1
0.077155
0.082698
0.06599
Chunked,1,2
0.140052
0.153539
0.141782
Chunked,1000,1
0.418857
0.279573
0.254988
Chunked,1000,2
0.453857
0.747092
0.693462

ChunkedCompressed,1,1
0.078227
0.088951
0.075057
ChunkedCompressed,1,2
0.13752
0.148156
0.14023
ChunkedCompressed,1000,1
0.115614
0.097922
0.098935
ChunkedCompressed,1000,2
0.552063
0.540784
0.546136

ChunkedCompressedEncrypted,1,1
0.075372
0.074533
0.078818
ChunkedCompressedEncrypted,1,2
0.138902
0.137055
0.156718
ChunkedCompressedEncrypted,1000,1
0.101662
0.149197
0.103503
ChunkedCompressedEncrypted,1000,2
0.57643
0.561358
0.567907
