*** S3 SUM ***
S3	29.00	22.00	0.00	51.00
S3	38.00	27.00	0.00	65.00
S3	31.00	9.00	0.00	40.00
S3	40.00	13.00	0.00	53.00
S3	63.00	16.00	0.00	79.00
S3	71.00	29.00	0.00	100.00
S3	94.00	16.00	0.00	110.00
S3	92.00	29.00	0.00	121.00
S3	99.00	18.00	0.00	117.00
S3	118.00	17.00	0.00	135.00
S3	118.00	17.00	0.00	135.00
S3	135.00	19.00	0.00	154.00
S3	133.00	24.00	0.00	157.00
S3	133.00	40.00	0.00	173.00
S3	170.00	24.00	0.00	194.00
S3	169.00	22.00	0.00	191.00
S3	154.00	24.00	0.00	178.00
S3	175.00	32.00	0.00	207.00
S3	200.00	52.00	0.00	252.00
S3	198.00	27.00	0.00	225.00
S3	250.00	29.00	0.00	279.00
S3	200.00	31.00	0.00	231.00
S3	273.00	34.00	1.00	308.00
S3	544.00	35.00	1.00	580.00
S3	223.00	34.00	1.00	258.00
S3	273.00	34.00	1.00	308.00
S3	242.00	36.00	1.00	279.00
S3	238.00	40.00	1.00	279.00
S3	336.00	38.00	1.00	375.00
S3	318.00	39.00	1.00	358.00
S3	285.00	40.00	1.00	326.00
S3	314.00	50.00	1.00	365.00
S3	310.00	43.00	1.00	354.00
S3	296.00	44.00	1.00	341.00
S3	365.00	46.00	1.00	412.00
S3	310.00	47.00	1.00	358.00
S3	327.00	58.00	2.00	387.00
S3	388.00	49.00	1.00	438.00
S3	343.00	51.00	2.00	396.00
S3	416.00	51.00	2.00	469.00
S3	358.00	65.00	2.00	425.00
S3	364.00	56.00	2.00	422.00
S3	391.00	94.00	2.00	487.00
S3	379.00	59.00	2.00	440.00
S3	471.00	64.00	2.00	537.00
S3	406.00	65.00	4.00	475.00
S3	458.00	58.00	2.00	518.00
S3	430.00	60.00	2.00	492.00
S3	580.00	60.00	2.00	642.00
S3	462.00	63.00	2.00	527.00
S3	433.00	89.00	2.00	524.00
S3	468.00	129.00	1.00	598.00
S3	475.00	102.00	19.00	596.00
S3	473.00	67.00	3.00	543.00
S3	457.00	90.00	3.00	550.00
S3	516.00	69.00	3.00	588.00
S3	456.00	144.00	2.00	602.00
S3	515.00	80.00	11.00	606.00
S3	491.00	74.00	3.00	568.00
S3	583.00	74.00	3.00	660.00
S3	523.00	75.00	3.00	601.00
S3	761.00	77.00	3.00	841.00
S3	588.00	79.00	3.00	670.00
S3	552.00	77.00	3.00	632.00
S3	544.00	78.00	3.00	625.00
S3	638.00	80.00	3.00	721.00
S3	603.00	82.00	3.00	688.00
S3	592.00	83.00	3.00	678.00
S3	635.00	84.00	4.00	723.00
S3	572.00	86.00	4.00	662.00
S3	634.00	87.00	4.00	725.00
S3	615.00	93.00	4.00	712.00
S3	640.00	90.00	15.00	745.00
S3	672.00	90.00	17.00	779.00
S3	598.00	92.00	15.00	705.00
S3	643.00	105.00	4.00	752.00
S3	797.00	104.00	4.00	905.00
S3	809.00	105.00	4.00	918.00
S3	838.00	119.00	3.00	960.00
S3	992.00	108.00	4.00	1104.00
S3	757.00	114.00	2.00	873.00
S3	728.00	136.00	3.00	867.00
S3	764.00	128.00	3.00	895.00
S3	726.00	126.00	3.00	855.00
S3	741.00	125.00	3.00	869.00
S3	784.00	125.00	3.00	912.00
S3	725.00	123.00	4.00	852.00
S3	797.00	127.00	4.00	928.00
S3	764.00	122.00	19.00	905.00
S3	745.00	130.00	4.00	879.00
S3	797.00	131.00	4.00	932.00
S3	831.00	134.00	4.00	969.00
S3	804.00	123.00	11.00	938.00
S3	826.00	179.00	5.00	1010.00
S3	865.00	142.00	5.00	1012.00
S3	1010.00	139.00	5.00	1154.00
S3	948.00	139.00	5.00	1092.00
S3	853.00	141.00	5.00	999.00
S3	835.00	144.00	5.00	984.00
S3	933.00	134.00	5.00	1072.00
S3	986.00	151.00	5.00	1142.00
S3	945.00	138.00	5.00	1088.00
S3	1113.00	144.00	5.00	1262.00
S3	930.00	207.00	5.00	1142.00
S3	928.00	167.00	6.00	1101.00
S3	1018.00	150.00	5.00	1173.00
S3	986.00	152.00	5.00	1143.00
S3	1167.00	147.00	6.00	1320.00
S3	2399.00	164.00	6.00	2569.00
S3	1050.00	147.00	6.00	1203.00
S3	1120.00	158.00	6.00	1284.00
S3	1052.00	158.00	6.00	1216.00
S3	1024.00	160.00	6.00	1190.00
S3	1088.00	153.00	6.00	1247.00
S3	1232.00	156.00	6.00	1394.00
S3	1058.00	159.00	6.00	1223.00
S3	1193.00	162.00	6.00	1361.00
S3	1242.00	166.00	6.00	1414.00
S3	1114.00	161.00	6.00	1281.00
S3	1078.00	163.00	6.00	1247.00
S3	1150.00	158.00	6.00	1314.00
S3	1230.00	163.00	6.00	1399.00
S3	1252.00	163.00	7.00	1422.00
S3	1191.00	203.00	6.00	1400.00
S3	1201.00	169.00	7.00	1377.00
S3	1258.00	174.00	7.00	1439.00
S3	1170.00	170.00	7.00	1347.00
S3	1348.00	171.00	7.00	1526.00
S3	1242.00	173.00	7.00	1422.00
S3	1323.00	172.00	7.00	1502.00
S3	1215.00	174.00	7.00	1396.00
S3	1278.00	178.00	7.00	1463.00
S3	1224.00	197.00	7.00	1428.00
S3	1302.00	186.00	7.00	1495.00
S3	1224.00	176.00	7.00	1407.00
S3	1226.00	182.00	7.00	1415.00
S3	1386.00	185.00	8.00	1579.00
S3	2443.00	182.00	7.00	2632.00
S3	1467.00	185.00	7.00	1659.00
S3	1318.00	195.00	8.00	1521.00
S3	1297.00	191.00	8.00	1496.00
S3	1324.00	188.00	8.00	1520.00
S3	1305.00	190.00	8.00	1503.00
S3	1413.00	195.00	8.00	1616.00
S3	1365.00	195.00	8.00	1568.00
S3	1317.00	260.00	8.00	1585.00
S3	1654.00	198.00	8.00	1860.00
S3	1359.00	199.00	8.00	1566.00
S3	1365.00	222.00	8.00	1595.00
S3	1339.00	196.00	8.00	1543.00
S3	1457.00	203.00	8.00	1668.00
S3	1580.00	202.00	8.00	1790.00
S3	1558.00	200.00	8.00	1766.00
S3	1456.00	212.00	9.00	1677.00
S3	1428.00	208.00	9.00	1645.00
S3	2297.00	219.00	20.00	2536.00
S3	1616.00	246.00	22.00	1884.00
S3	1405.00	211.00	21.00	1637.00
S3	1523.00	205.00	8.00	1736.00
S3	1556.00	212.00	22.00	1790.00
S3	1419.00	210.00	21.00	1650.00
S3	1730.00	212.00	19.00	1961.00
S3	1425.00	225.00	9.00	1659.00
S3	1539.00	230.00	8.00	1777.00
S3	1471.00	216.00	22.00	1709.00
S3	1452.00	230.00	9.00	1691.00
S3	2853.00	224.00	9.00	3086.00
S3	1577.00	278.00	9.00	1864.00
S3	1540.00	226.00	9.00	1775.00
S3	1584.00	234.00	10.00	1828.00
S3	1492.00	237.00	9.00	1738.00
S3	1523.00	276.00	8.00	1807.00
S3	1546.00	226.00	35.00	1807.00
S3	1632.00	254.00	9.00	1895.00
S3	1521.00	263.00	9.00	1793.00
S3	1576.00	262.00	9.00	1847.00
S3	1492.00	226.00	10.00	1728.00
S3	1754.00	259.00	9.00	2022.00
S3	1466.00	247.00	11.00	1724.00
S3	1551.00	239.00	9.00	1799.00
S3	1495.00	259.00	9.00	1763.00
S3	1479.00	250.00	10.00	1739.00
S3	1666.00	266.00	15.00	1947.00
S3	1550.00	240.00	9.00	1799.00
S3	1748.00	267.00	10.00	2025.00
S3	1589.00	277.00	10.00	1876.00
S3	1754.00	257.00	16.00	2027.00
S3	1676.00	234.00	11.00	1921.00
S3	1635.00	241.00	11.00	1887.00
S3	1690.00	250.00	10.00	1950.00
S3	1756.00	237.00	11.00	2004.00
S3	1906.00	239.00	12.00	2157.00
S3	1692.00	288.00	10.00	1990.00
S3	1646.00	250.00	12.00	1908.00
S3	1717.00	252.00	12.00	1981.00
S3	1785.00	268.00	11.00	2064.00
S3	1663.00	256.00	12.00	1931.00
S3	3787.00	250.00	11.00	4048.00
S3	3649.00	269.00	10.00	3928.00
S3	2240.00	256.00	11.00	2507.00
S3	1817.00	330.00	10.00	2157.00
S3	1728.00	259.00	12.00	1999.00
S3	1762.00	295.00	11.00	2068.00
S3	1767.00	262.00	12.00	2041.00
S3	1803.00	264.00	12.00	2079.00
S3	1763.00	279.00	11.00	2053.00
S3	1760.00	297.00	11.00	2068.00
S3	1722.00	296.00	11.00	2029.00
S3	1754.00	303.00	12.00	2069.00
S3	1829.00	300.00	11.00	2140.00
S3	1866.00	311.00	11.00	2188.00
S3	1806.00	307.00	11.00	2124.00
S3	1770.00	311.00	11.00	2092.00
S3	2157.00	313.00	11.00	2481.00
S3	1945.00	317.00	11.00	2273.00
S3	1785.00	313.00	11.00	2109.00
S3	1915.00	319.00	12.00	2246.00
S3	1865.00	406.00	12.00	2283.00
S3	1889.00	328.00	11.00	2228.00
S3	2125.00	284.00	13.00	2422.00
S3	1845.00	365.00	12.00	2222.00
S3	1908.00	284.00	14.00	2206.00
S3	1891.00	327.00	12.00	2230.00
S3	2035.00	340.00	12.00	2387.00
S3	2003.00	302.00	12.00	2317.00
S3	1993.00	310.00	12.00	2315.00
S3	1976.00	421.00	19.00	2416.00
S3	1918.00	326.00	12.00	2256.00
S3	1977.00	329.00	12.00	2318.00
S3	1939.00	335.00	12.00	2286.00
S3	1962.00	334.00	12.00	2308.00
S3	2018.00	339.00	13.00	2370.00
S3	2479.00	339.00	13.00	2831.00
S3	2128.00	341.00	13.00	2482.00
S3	2068.00	347.00	13.00	2428.00
S3	1993.00	347.00	13.00	2353.00
S3	3400.00	363.00	13.00	3776.00
S3	2361.00	365.00	13.00	2739.00
S3	2545.00	309.00	49.00	2903.00
S3	2212.00	348.00	13.00	2573.00
S3	2123.00	351.00	13.00	2487.00
S3	2230.00	311.00	15.00	2556.00
S3	2232.00	375.00	13.00	2620.00
S3	2738.00	309.00	15.00	3062.00
S3	2174.00	346.00	13.00	2533.00
S3	2259.00	313.00	52.00	2624.00
S3	2696.00	345.00	13.00	3054.00
S3	2377.00	319.00	16.00	2712.00
S3	2351.00	353.00	13.00	2717.00
S3	2217.00	315.00	15.00	2547.00
S3	2169.00	354.00	13.00	2536.00
S3	2216.00	317.00	15.00	2548.00
S3	2286.00	354.00	14.00	2654.00
S3	2255.00	323.00	15.00	2593.00
S3	2332.00	363.00	14.00	2709.00
S3	2179.00	329.00	16.00	2524.00
S3	2278.00	338.00	29.00	2645.00
S3	2211.00	346.00	13.00	2570.00
S3	2276.00	332.00	16.00	2624.00
S3	2235.00	362.00	14.00	2611.00
S3	2211.00	368.00	31.00	2610.00
S3	2361.00	337.00	17.00	2715.00
S3	2388.00	363.00	13.00	2764.00
S3	2300.00	333.00	16.00	2649.00
S3	2491.00	423.00	14.00	2928.00
S3	2866.00	339.00	17.00	3222.00
S3	2243.00	375.00	14.00	2632.00
S3	2452.00	345.00	17.00	2814.00
S3	2312.00	400.00	15.00	2727.00
S3	2346.00	348.00	17.00	2711.00
S3	2362.00	409.00	14.00	2785.00
S3	2371.00	340.00	17.00	2728.00
S3	3031.00	384.00	16.00	3431.00
S3	2323.00	352.00	18.00	2693.00
S3	2336.00	425.00	15.00	2776.00
S3	2324.00	414.00	15.00	2753.00
S3	2431.00	419.00	15.00	2865.00
S3	2408.00	344.00	17.00	2769.00
S3	2319.00	381.00	15.00	2715.00
S3	2414.00	373.00	15.00	2802.00
S3	2463.00	370.00	15.00	2848.00
S3	3787.00	384.00	16.00	4187.00
S3	3078.00	392.00	16.00	3486.00
S3	2810.00	404.00	16.00	3230.00
S3	2582.00	443.00	15.00	3040.00
S3	2943.00	433.00	15.00	3391.00
S3	2636.00	435.00	15.00	3086.00
S3	2689.00	437.00	15.00	3141.00
S3	3353.00	434.00	15.00	3802.00
S3	2686.00	430.00	15.00	3131.00
S3	3889.00	436.00	15.00	4340.00
S3	2840.00	438.00	16.00	3294.00
S3	4318.00	446.00	15.00	4779.00
S3	2649.00	443.00	15.00	3107.00
S3	2527.00	434.00	16.00	2977.00
S3	2689.00	442.00	16.00	3147.00
S3	2713.00	446.00	16.00	3175.00
S3	2830.00	448.00	16.00	3294.00
S3	2657.00	444.00	16.00	3117.00
S3	2903.00	448.00	16.00	3367.00
S3	2859.00	448.00	16.00	3323.00
S3	2747.00	440.00	16.00	3203.00
S3	2899.00	455.00	16.00	3370.00
S3	2686.00	456.00	16.00	3158.00
S3	2530.00	453.00	17.00	3000.00
S3	2849.00	455.00	16.00	3320.00
S3	2809.00	462.00	16.00	3287.00
S3	2611.00	456.00	17.00	3084.00
S3	2785.00	463.00	17.00	3265.00
S3	3320.00	387.00	19.00	3726.00
S3	2832.00	457.00	17.00	3306.00
S3	2723.00	465.00	16.00	3204.00
S3	2639.00	391.00	18.00	3048.00
S3	2665.00	499.00	16.00	3180.00
S3	2682.00	392.00	19.00	3093.00
S3	2890.00	385.00	18.00	3293.00
S3	2874.00	443.00	16.00	3333.00
S3	3047.00	393.00	19.00	3459.00
S3	2983.00	386.00	18.00	3387.00
S3	2849.00	434.00	16.00	3299.00
S3	2930.00	393.00	19.00	3342.00
S3	2885.00	459.00	17.00	3361.00
S3	2965.00	452.00	18.00	3435.00
S3	2845.00	499.00	18.00	3362.00
S3	2871.00	578.00	16.00	3465.00
S3	2963.00	474.00	17.00	3454.00
S3	3049.00	484.00	17.00	3550.00
S3	2971.00	487.00	17.00	3475.00
S3	2865.00	496.00	18.00	3379.00
S3	2997.00	495.00	17.00	3509.00
S3	3113.00	522.00	18.00	3653.00
S3	3240.00	505.00	19.00	3764.00
S3	2881.00	496.00	18.00	3395.00
S3	2923.00	490.00	19.00	3432.00
S3	3022.00	502.00	18.00	3542.00
S3	4068.00	494.00	18.00	4580.00
S3	3226.00	496.00	19.00	3741.00
S3	3216.00	422.00	21.00	3659.00
S3	2919.00	495.00	18.00	3432.00
S3	3280.00	511.00	18.00	3809.00
S3	2871.00	428.00	21.00	3320.00
S3	2861.00	495.00	19.00	3375.00
S3	2984.00	519.00	18.00	3521.00
S3	3039.00	504.00	19.00	3562.00
S3	3675.00	515.00	20.00	4210.00
S3	3406.00	521.00	19.00	3946.00
S3	3214.00	442.00	22.00	3678.00
S3	2914.00	515.00	18.00	3447.00
S3	3078.00	438.00	22.00	3538.00
S3	2955.00	546.00	19.00	3520.00
S3	3023.00	487.00	32.00	3542.00
S3	3128.00	447.00	22.00	3597.00
S3	3120.00	481.00	31.00	3632.00
S3	3198.00	528.00	20.00	3746.00
S3	3212.00	443.00	23.00	3678.00
S3	3165.00	513.00	19.00	3697.00
S3	3147.00	458.00	23.00	3628.00
S3	3139.00	443.00	23.00	3605.00
S3	3080.00	491.00	19.00	3590.00
S3	3178.00	454.00	23.00	3655.00
S3	3090.00	501.00	20.00	3611.00
S3	3053.00	503.00	21.00	3577.00
S3	3128.00	532.00	19.00	3679.00
S3	3128.00	540.00	23.00	3691.00
S3	3176.00	549.00	20.00	3745.00
S3	3142.00	547.00	35.00	3724.00
S3	3213.00	548.00	21.00	3782.00
S3	3207.00	546.00	20.00	3773.00
S3	4052.00	465.00	80.00	4597.00
S3	3296.00	567.00	19.00	3882.00
S3	3478.00	576.00	19.00	4073.00
S3	3541.00	579.00	19.00	4139.00
S3	3306.00	584.00	20.00	3910.00
S3	3372.00	551.00	20.00	3943.00
S3	3346.00	557.00	21.00	3924.00
S3	3454.00	558.00	21.00	4033.00
S3	3990.00	468.00	23.00	4481.00
S3	3213.00	561.00	20.00	3794.00
S3	3371.00	478.00	23.00	3872.00
S3	3456.00	549.00	21.00	4026.00
S3	3346.00	552.00	20.00	3918.00
S3	3467.00	482.00	24.00	3973.00
S3	3511.00	554.00	21.00	4086.00
S3	3256.00	564.00	20.00	3840.00
S3	3512.00	490.00	24.00	4026.00
S3	3353.00	546.00	21.00	3920.00
S3	3219.00	565.00	22.00	3806.00
S3	3287.00	579.00	21.00	3887.00
S3	3317.00	494.00	23.00	3834.00
S3	3798.00	582.00	20.00	4400.00
S3	3434.00	485.00	24.00	3943.00
S3	3275.00	567.00	21.00	3863.00
S3	3573.00	582.00	22.00	4177.00
S3	3413.00	503.00	25.00	3941.00
S3	3603.00	582.00	21.00	4206.00
S3	3355.00	583.00	22.00	3960.00
S3	3478.00	503.00	23.00	4004.00
S3	3429.00	571.00	20.00	4020.00
S3	3785.00	578.00	22.00	4385.00
S3	3921.00	502.00	24.00	4447.00
S3	3627.00	573.00	21.00	4221.00
S3	3631.00	590.00	23.00	4244.00
S3	3612.00	508.00	25.00	4145.00
S3	3768.00	577.00	22.00	4367.00
S3	3823.00	507.00	23.00	4353.00
S3	3859.00	607.00	23.00	4489.00
S3	3524.00	517.00	25.00	4066.00
S3	3577.00	584.00	21.00	4182.00
S3	3462.00	516.00	24.00	4002.00
S3	3513.00	576.00	22.00	4111.00
S3	3706.00	539.00	24.00	4269.00
S3	3530.00	583.00	37.00	4150.00
S3	3814.00	552.00	24.00	4390.00
S3	3817.00	596.00	23.00	4436.00
S3	3810.00	622.00	22.00	4454.00
S3	3756.00	613.00	36.00	4405.00
S3	4100.00	616.00	37.00	4753.00
S3	3750.00	613.00	36.00	4399.00
S3	3669.00	609.00	35.00	4313.00
S3	3766.00	614.00	43.00	4423.00
S3	3828.00	613.00	37.00	4478.00
S3	3777.00	613.00	41.00	4431.00
S3	3776.00	616.00	35.00	4427.00
S3	3755.00	614.00	41.00	4410.00
S3	3801.00	609.00	40.00	4450.00
S3	3881.00	647.00	23.00	4551.00
S3	3859.00	636.00	27.00	4522.00
S3	3842.00	642.00	23.00	4507.00
S3	3987.00	664.00	21.00	4672.00
S3	3678.00	608.00	38.00	4324.00
S3	3740.00	543.00	24.00	4307.00
S3	3892.00	662.00	23.00	4577.00
S3	4115.00	539.00	26.00	4680.00
S3	3849.00	613.00	23.00	4485.00
S3	3939.00	650.00	24.00	4613.00
S3	3702.00	548.00	25.00	4275.00
S3	4251.00	623.00	24.00	4898.00
S3	3728.00	549.00	26.00	4303.00
S3	3778.00	629.00	24.00	4431.00
S3	3718.00	642.00	24.00	4384.00
S3	4319.00	553.00	26.00	4898.00
S3	4118.00	630.00	23.00	4771.00
S3	4038.00	680.00	22.00	4740.00
S3	3955.00	551.00	26.00	4532.00
S3	4241.00	639.00	25.00	4905.00
S3	4549.00	682.00	23.00	5254.00
S3	4097.00	659.00	25.00	4781.00
S3	4019.00	565.00	27.00	4611.00
S3	3790.00	668.00	23.00	4481.00
S3	3762.00	561.00	26.00	4349.00
S3	3843.00	683.00	23.00	4549.00
S3	4258.00	698.00	25.00	4981.00
S3	3923.00	566.00	27.00	4516.00
S3	3759.00	674.00	23.00	4456.00
S3	3937.00	692.00	24.00	4653.00
S3	4141.00	570.00	27.00	4738.00
S3	3892.00	710.00	23.00	4625.00
S3	3998.00	698.00	24.00	4720.00
S3	3852.00	568.00	27.00	4447.00
S3	4157.00	661.00	24.00	4842.00
S3	4416.00	718.00	25.00	5159.00
S3	4706.00	667.00	24.00	5397.00
S3	4428.00	670.00	24.00	5122.00
S3	5927.00	697.00	26.00	6650.00
S3	3920.00	700.00	24.00	4644.00
S3	3944.00	582.00	29.00	4555.00
S3	4011.00	663.00	40.00	4714.00
S3	4079.00	710.00	25.00	4814.00
S3	4122.00	714.00	25.00	4861.00
S3	5127.00	585.00	29.00	5741.00
S3	4192.00	667.00	43.00	4902.00
S3	4747.00	725.00	26.00	5498.00
S3	4748.00	719.00	25.00	5492.00
S3	4311.00	591.00	29.00	4931.00
S3	7478.00	716.00	25.00	8219.00
S3	4250.00	722.00	25.00	4997.00
S3	6176.00	591.00	30.00	6797.00
S3	7793.00	707.00	26.00	8526.00
S3	4754.00	724.00	26.00	5504.00
S3	6202.00	666.00	26.00	6894.00
S3	4191.00	716.00	25.00	4932.00
S3	4422.00	593.00	29.00	5044.00
S3	4456.00	720.00	25.00	5201.00
S3	4246.00	712.00	25.00	4983.00
S3	6496.00	713.00	26.00	7235.00
S3	4422.00	607.00	30.00	5059.00
S3	4493.00	713.00	25.00	5231.00
S3	4357.00	738.00	26.00	5121.00
S3	4259.00	624.00	29.00	4912.00
S3	4219.00	703.00	25.00	4947.00
S3	6732.00	698.00	25.00	7455.00
S3	4113.00	680.00	25.00	4818.00
S3	4425.00	644.00	46.00	5115.00
S3	4330.00	732.00	28.00	5090.00
S3	4424.00	738.00	26.00	5188.00
S3	4265.00	732.00	25.00	5022.00
S3	5794.00	616.00	30.00	6440.00
S3	4211.00	745.00	28.00	4984.00
S3	4722.00	761.00	27.00	5510.00
S3	4589.00	750.00	26.00	5365.00
S3	4521.00	761.00	27.00	5309.00
S3	5407.00	756.00	27.00	6190.00
S3	4561.00	629.00	32.00	5222.00
S3	4570.00	628.00	31.00	5229.00
S3	4313.00	713.00	27.00	5053.00
S3	4407.00	753.00	27.00	5187.00
S3	4527.00	768.00	27.00	5322.00
S3	4293.00	757.00	28.00	5078.00
S3	4303.00	631.00	30.00	4964.00
S3	4398.00	620.00	71.00	5089.00
S3	4309.00	781.00	27.00	5117.00
S3	4468.00	800.00	27.00	5295.00
S3	4330.00	792.00	26.00	5148.00
S3	4371.00	635.00	31.00	5037.00
S3	4560.00	741.00	42.00	5343.00
S3	4781.00	650.00	32.00	5463.00
S3	4659.00	621.00	71.00	5351.00
S3	4348.00	628.00	32.00	5008.00
S3	4293.00	717.00	31.00	5041.00
S3	4459.00	783.00	28.00	5270.00
S3	4635.00	651.00	32.00	5318.00
S3	4566.00	793.00	27.00	5386.00
S3	4768.00	809.00	27.00	5604.00
S3	4554.00	811.00	27.00	5392.00
S3	4791.00	814.00	28.00	5633.00
S3	4708.00	812.00	28.00	5548.00
S3	4469.00	657.00	32.00	5158.00
S3	4540.00	736.00	31.00	5307.00
S3	4692.00	721.00	32.00	5445.00
S3	4562.00	702.00	32.00	5296.00
S3	5178.00	841.00	29.00	6048.00
S3	4496.00	789.00	29.00	5314.00
S3	4628.00	795.00	28.00	5451.00
S3	4594.00	785.00	29.00	5408.00
S3	4666.00	792.00	29.00	5487.00
S3	4873.00	794.00	29.00	5696.00
S3	4638.00	800.00	29.00	5467.00
S3	4624.00	798.00	29.00	5451.00
S3	4783.00	677.00	230.00	5690.00
S3	4682.00	814.00	30.00	5526.00
S3	4686.00	841.00	29.00	5556.00
S3	6522.00	794.00	37.00	7353.00
S3	4711.00	804.00	28.00	5543.00
S3	5161.00	807.00	29.00	5997.00
S3	4861.00	835.00	30.00	5726.00
S3	4749.00	848.00	30.00	5627.00
S3	5092.00	848.00	30.00	5970.00
S3	4719.00	847.00	29.00	5595.00
S3	5676.00	850.00	30.00	6556.00
S3	5198.00	847.00	30.00	6075.00
S3	5284.00	869.00	33.00	6186.00
S3	5058.00	821.00	51.00	5930.00
S3	4939.00	835.00	30.00	5804.00
S3	4961.00	817.00	30.00	5808.00
S3	4707.00	812.00	44.00	5563.00
S3	4771.00	821.00	47.00	5639.00
S3	5036.00	825.00	47.00	5908.00
S3	4955.00	823.00	30.00	5808.00
S3	4932.00	830.00	30.00	5792.00
S3	5025.00	826.00	46.00	5897.00
S3	5016.00	832.00	45.00	5893.00
S3	5361.00	829.00	41.00	6231.00
S3	5121.00	827.00	44.00	5992.00
S3	5202.00	815.00	30.00	6047.00
S3	4981.00	831.00	44.00	5856.00
S3	5107.00	837.00	47.00	5991.00
S3	5005.00	833.00	46.00	5884.00
S3	5103.00	832.00	45.00	5980.00
S3	5438.00	837.00	44.00	6319.00
S3	5069.00	838.00	46.00	5953.00
S3	5035.00	832.00	47.00	5914.00
S3	5634.00	841.00	46.00	6521.00
S3	4739.00	846.00	50.00	5635.00
S3	5139.00	780.00	33.00	5952.00
S3	4874.00	759.00	33.00	5666.00
S3	4978.00	853.00	30.00	5861.00
S3	5221.00	832.00	47.00	6100.00
S3	6088.00	839.00	46.00	6973.00
S3	5012.00	849.00	46.00	5907.00
S3	5062.00	852.00	47.00	5961.00
S3	5001.00	869.00	33.00	5903.00
S3	5282.00	850.00	47.00	6179.00
S3	5057.00	849.00	45.00	5951.00
S3	5164.00	851.00	47.00	6062.00
S3	5450.00	862.00	49.00	6361.00
S3	5259.00	852.00	50.00	6161.00
S3	5466.00	873.00	32.00	6371.00
S3	6325.00	852.00	47.00	7224.00
S3	5275.00	860.00	50.00	6185.00
S3	5146.00	861.00	51.00	6058.00
S3	5296.00	937.00	44.00	6277.00
S3	5001.00	898.00	46.00	5945.00
S3	5138.00	881.00	32.00	6051.00
S3	6520.00	850.00	52.00	7422.00
S3	5176.00	919.00	31.00	6126.00
S3	5656.00	850.00	46.00	6552.00
S3	5130.00	908.00	32.00	6070.00
S3	5265.00	885.00	32.00	6182.00
S3	5325.00	899.00	30.00	6254.00
S3	5103.00	904.00	30.00	6037.00
S3	5482.00	881.00	32.00	6395.00
S3	4999.00	929.00	32.00	5960.00
S3	5085.00	913.00	31.00	6029.00
S3	5752.00	895.00	34.00	6681.00
S3	5554.00	922.00	31.00	6507.00
S3	5741.00	926.00	31.00	6698.00
S3	5583.00	927.00	32.00	6542.00
S3	5373.00	916.00	45.00	6334.00
S3	5560.00	932.00	34.00	6526.00
S3	5294.00	888.00	48.00	6230.00
S3	5979.00	923.00	31.00	6933.00
S3	5686.00	932.00	32.00	6650.00
S3	5478.00	938.00	33.00	6449.00
S3	5453.00	926.00	32.00	6411.00
S3	5672.00	933.00	31.00	6636.00
S3	5375.00	934.00	32.00	6341.00
S3	5629.00	931.00	33.00	6593.00
S3	5652.00	939.00	33.00	6624.00
S3	5553.00	948.00	33.00	6534.00
S3	5582.00	942.00	34.00	6558.00
S3	5724.00	940.00	32.00	6696.00
S3	5498.00	945.00	34.00	6477.00
S3	5849.00	939.00	33.00	6821.00
S3	5415.00	941.00	33.00	6389.00
S3	5989.00	949.00	33.00	6971.00
S3	6801.00	934.00	33.00	7768.00
S3	5538.00	899.00	49.00	6486.00
S3	5893.00	950.00	32.00	6875.00
S3	5767.00	941.00	33.00	6741.00
S3	6001.00	941.00	48.00	6990.00
S3	5673.00	960.00	33.00	6666.00
S3	5796.00	959.00	32.00	6787.00
S3	5898.00	966.00	33.00	6897.00
S3	6167.00	965.00	34.00	7166.00
S3	6018.00	943.00	34.00	6995.00
S3	5705.00	965.00	34.00	6704.00
S3	5631.00	953.00	35.00	6619.00
S3	5692.00	954.00	33.00	6679.00
S3	5832.00	964.00	34.00	6830.00
S3	5576.00	959.00	34.00	6569.00
S3	5401.00	972.00	33.00	6406.00
S3	5551.00	980.00	52.00	6583.00
S3	5735.00	983.00	34.00	6752.00
S3	5539.00	1002.00	33.00	6574.00
S3	5451.00	965.00	34.00	6450.00
S3	5403.00	983.00	52.00	6438.00
S3	5974.00	972.00	51.00	6997.00
S3	5502.00	987.00	34.00	6523.00
S3	5573.00	978.00	35.00	6586.00
S3	6530.00	974.00	34.00	7538.00
S3	6604.00	948.00	36.00	7588.00
S3	5983.00	987.00	35.00	7005.00
S3	5727.00	974.00	34.00	6735.00
S3	6199.00	975.00	34.00	7208.00
S3	5546.00	1001.00	35.00	6582.00
S3	5988.00	1009.00	35.00	7032.00
S3	6036.00	1011.00	35.00	7082.00
S3	6061.00	1014.00	34.00	7109.00
S3	6488.00	1027.00	35.00	7550.00
S3	6466.00	983.00	33.00	7482.00
S3	6052.00	1009.00	34.00	7095.00
S3	5904.00	981.00	34.00	6919.00
S3	6048.00	985.00	34.00	7067.00
S3	7024.00	988.00	35.00	8047.00
S3	6300.00	983.00	35.00	7318.00
S3	5957.00	994.00	35.00	6986.00
S3	6059.00	1005.00	35.00	7099.00
S3	5972.00	1000.00	36.00	7008.00
S3	6227.00	994.00	35.00	7256.00
S3	6012.00	1009.00	35.00	7056.00
S3	7302.00	1042.00	36.00	8380.00
S3	7151.00	1039.00	36.00	8226.00
S3	6153.00	1004.00	35.00	7192.00
S3	5784.00	1026.00	35.00	6845.00
S3	6037.00	1029.00	35.00	7101.00
S3	6874.00	1043.00	35.00	7952.00
S3	6688.00	1029.00	35.00	7752.00
S3	5879.00	991.00	37.00	6907.00
S3	6762.00	1022.00	36.00	7820.00
S3	6244.00	1052.00	36.00	7332.00
S3	6056.00	1054.00	34.00	7144.00
S3	6128.00	1054.00	36.00	7218.00
S3	6267.00	1034.00	35.00	7336.00
S3	6550.00	1054.00	36.00	7640.00
S3	6031.00	1051.00	35.00	7117.00
S3	5789.00	1034.00	34.00	6857.00
S3	6089.00	1048.00	35.00	7172.00
S3	6320.00	1057.00	36.00	7413.00
S3	6179.00	1055.00	37.00	7271.00
S3	6107.00	1039.00	52.00	7198.00
S3	6180.00	1036.00	53.00	7269.00
S3	6333.00	1047.00	52.00	7432.00
S3	6376.00	1034.00	52.00	7462.00
S3	6313.00	1036.00	51.00	7400.00
S3	6363.00	1028.00	52.00	7443.00
S3	6500.00	1015.00	52.00	7567.00
S3	6343.00	1027.00	53.00	7423.00
S3	6167.00	1019.00	53.00	7239.00
S3	6442.00	1024.00	54.00	7520.00
S3	6336.00	1035.00	53.00	7424.00
S3	6176.00	1043.00	54.00	7273.00
S3	6263.00	1025.00	54.00	7342.00
S3	6767.00	1048.00	54.00	7869.00
S3	6649.00	1035.00	53.00	7737.00
S3	6564.00	1068.00	53.00	7685.00
S3	6510.00	1045.00	55.00	7610.00
S3	6356.00	1040.00	53.00	7449.00
S3	6670.00	1038.00	54.00	7762.00
S3	6968.00	1044.00	53.00	8065.00
S3	6371.00	1037.00	52.00	7460.00
S3	6457.00	1048.00	53.00	7558.00
S3	6411.00	1108.00	56.00	7575.00
S3	6425.00	1047.00	55.00	7527.00
S3	6656.00	1060.00	55.00	7771.00
S3	6309.00	1046.00	56.00	7411.00
S3	6379.00	1055.00	56.00	7490.00
S3	6433.00	1059.00	55.00	7547.00
S3	6133.00	1057.00	56.00	7246.00
S3	6363.00	1057.00	56.00	7476.00
S3	6175.00	1053.00	56.00	7284.00
S3	6166.00	1056.00	56.00	7278.00
S3	6121.00	1061.00	57.00	7239.00
S3	6243.00	1065.00	56.00	7364.00
S3	6654.00	1061.00	56.00	7771.00
S3	6499.00	1061.00	57.00	7617.00
S3	6534.00	1060.00	58.00	7652.00
S3	6422.00	1066.00	57.00	7545.00
S3	6353.00	1075.00	56.00	7484.00
S3	6397.00	1054.00	57.00	7508.00
S3	6271.00	1087.00	57.00	7415.00
S3	6818.00	1064.00	56.00	7938.00
S3	7378.00	1111.00	58.00	8547.00
S3	7916.00	1073.00	57.00	9046.00
S3	6990.00	1076.00	57.00	8123.00
S3	6664.00	1103.00	41.00	7808.00
S3	7124.00	982.00	55.00	8161.00
S3	6803.00	1122.00	39.00	7964.00
S3	6763.00	1104.00	52.00	7919.00
S3	6713.00	1092.00	53.00	7858.00
S3	6312.00	1093.00	57.00	7462.00
S3	6312.00	1076.00	53.00	7441.00
S3	6365.00	1092.00	55.00	7512.00
S3	6244.00	1074.00	36.00	7354.00
S3	7151.00	1087.00	53.00	8291.00
S3	6843.00	1088.00	54.00	7985.00
S3	7100.00	1099.00	54.00	8253.00
S3	7259.00	1092.00	56.00	8407.00
S3	6634.00	1115.00	39.00	7788.00
S3	7933.00	1120.00	38.00	9091.00
S3	7283.00	1116.00	38.00	8437.00
S3	6963.00	1133.00	53.00	8149.00
S3	6752.00	1128.00	54.00	7934.00
S3	7141.00	1122.00	54.00	8317.00
S3	6858.00	1125.00	37.00	8020.00
S3	6853.00	1126.00	56.00	8035.00
S3	6799.00	1131.00	54.00	7984.00
S3	7087.00	1127.00	53.00	8267.00
S3	6471.00	1127.00	55.00	7653.00
S3	6911.00	1136.00	57.00	8104.00
S3	7009.00	1139.00	58.00	8206.00
S3	7076.00	1152.00	55.00	8283.00
S3	7332.00	1144.00	55.00	8531.00
S3	7051.00	1146.00	56.00	8253.00
S3	7542.00	1152.00	54.00	8748.00
S3	6914.00	1138.00	55.00	8107.00
S3	6640.00	1142.00	58.00	7840.00
S3	7047.00	1152.00	57.00	8256.00
S3	6617.00	1150.00	57.00	7824.00
S3	6527.00	1154.00	59.00	7740.00
S3	7586.00	1149.00	60.00	8795.00
S3	7051.00	1165.00	58.00	8274.00
S3	7716.00	1159.00	58.00	8933.00
S3	6872.00	1161.00	59.00	8092.00
S3	6910.00	1149.00	55.00	8114.00
S3	6776.00	1151.00	57.00	7984.00
S3	6538.00	1152.00	55.00	7745.00
S3	6789.00	1153.00	56.00	7998.00
S3	6825.00	1142.00	59.00	8026.00
S3	6798.00	1161.00	55.00	8014.00
S3	7068.00	1181.00	44.00	8293.00
S3	8927.00	1144.00	40.00	10111.00
S3	6572.00	1168.00	56.00	7796.00
S3	6871.00	1178.00	57.00	8106.00
S3	7251.00	1220.00	41.00	8512.00
S3	8427.00	1203.00	41.00	9671.00
S3	7252.00	1195.00	40.00	8487.00
S3	6726.00	1208.00	41.00	7975.00
S3	7293.00	1219.00	42.00	8554.00
S3	6869.00	1213.00	39.00	8121.00
S3	7105.00	1211.00	40.00	8356.00
S3	7120.00	1222.00	42.00	8384.00
S3	7107.00	1222.00	41.00	8370.00
S3	7444.00	1204.00	41.00	8689.00
S3	6970.00	1192.00	41.00	8203.00
S3	6999.00	1221.00	41.00	8261.00
S3	7314.00	1213.00	42.00	8569.00
S3	6874.00	1213.00	42.00	8129.00
S3	7200.00	1219.00	42.00	8461.00
S3	7106.00	1213.00	41.00	8360.00
S3	6889.00	1218.00	40.00	8147.00
S3	7127.00	1232.00	42.00	8401.00
S3	6778.00	1228.00	41.00	8047.00
S3	6963.00	1238.00	42.00	8243.00
S3	6778.00	1234.00	41.00	8053.00
S3	6862.00	1215.00	41.00	8118.00
S3	7106.00	1216.00	43.00	8365.00
S3	7127.00	1230.00	42.00	8399.00
S3	7392.00	1221.00	40.00	8653.00
S3	6923.00	1226.00	41.00	8190.00
S3	7043.00	1153.00	60.00	8256.00
S3	6943.00	1156.00	61.00	8160.00
S3	6990.00	1215.00	42.00	8247.00
S3	6904.00	1181.00	61.00	8146.00
S3	7099.00	1251.00	43.00	8393.00
S3	7508.00	1237.00	42.00	8787.00
S3	7047.00	1242.00	42.00	8331.00
S3	6911.00	1159.00	41.00	8111.00
S3	7167.00	1243.00	42.00	8452.00
S3	6953.00	1243.00	42.00	8238.00
S3	7309.00	1241.00	42.00	8592.00
S3	7420.00	1249.00	42.00	8711.00
S3	9087.00	1280.00	44.00	10411.00
S3	7218.00	1256.00	43.00	8517.00
S3	7046.00	1226.00	46.00	8318.00
S3	7601.00	1237.00	58.00	8896.00
S3	7395.00	1242.00	42.00	8679.00
S3	7117.00	1202.00	44.00	8363.00
S3	7097.00	1248.00	44.00	8389.00
S3	7196.00	1241.00	42.00	8479.00
S3	7195.00	1230.00	43.00	8468.00
S3	7285.00	1242.00	44.00	8571.00
S3	7375.00	1256.00	43.00	8674.00
S3	7673.00	1263.00	43.00	8979.00
S3	8383.00	1263.00	43.00	9689.00
S3	7677.00	1269.00	92.00	9038.00
S3	7251.00	1248.00	42.00	8541.00
S3	8207.00	1255.00	43.00	9505.00
S3	10439.00	1266.00	92.00	11797.00
S3	13043.00	1246.00	43.00	14332.00
S3	8401.00	1181.00	59.00	9641.00
S3	7771.00	1256.00	45.00	9072.00
S3	7709.00	1252.00	43.00	9004.00
S3	7825.00	1263.00	42.00	9130.00
S3	7584.00	1281.00	43.00	8908.00
S3	7505.00	1263.00	43.00	8811.00
S3	7552.00	1253.00	43.00	8848.00
S3	8736.00	1279.00	93.00	10108.00
S3	7778.00	1257.00	43.00	9078.00
S3	7567.00	1281.00	43.00	8891.00
S3	7621.00	1264.00	43.00	8928.00
S3	7421.00	1255.00	43.00	8719.00
S3	8356.00	1270.00	46.00	9672.00
S3	7643.00	1263.00	45.00	8951.00
S3	7838.00	1288.00	45.00	9171.00
S3	7578.00	1260.00	44.00	8882.00
S3	7455.00	1260.00	45.00	8760.00
S3	7854.00	1276.00	44.00	9174.00
S3	8112.00	1293.00	45.00	9450.00
S3	7657.00	1261.00	45.00	8963.00
S3	8141.00	1267.00	45.00	9453.00
S3	9712.00	1289.00	46.00	11047.00
S3	8185.00	1277.00	44.00	9506.00
S3	8300.00	1280.00	44.00	9624.00
S3	8871.00	1283.00	46.00	10200.00
S3	8575.00	1303.00	43.00	9921.00
S3	7951.00	1285.00	46.00	9282.00
S3	8050.00	1291.00	45.00	9386.00
S3	8663.00	1286.00	106.00	10055.00
S3	7777.00	1290.00	46.00	9113.00
S3	8004.00	1316.00	45.00	9365.00
S3	8023.00	1309.00	102.00	9434.00
S3	7591.00	1293.00	47.00	8931.00
S3	7800.00	1316.00	44.00	9160.00
S3	7909.00	1298.00	46.00	9253.00
S3	8051.00	1311.00	46.00	9408.00
S3	7955.00	1296.00	101.00	9352.00
S3	7576.00	1298.00	47.00	8921.00
S3	8654.00	1319.00	46.00	10019.00
S3	8487.00	1298.00	45.00	9830.00
S3	8590.00	1314.00	47.00	9951.00
S3	7980.00	1325.00	46.00	9351.00
S3	7933.00	1303.00	46.00	9282.00
S3	7875.00	1349.00	47.00	9271.00
S3	8087.00	1298.00	46.00	9431.00
S3	7992.00	1309.00	48.00	9349.00
S3	8765.00	1305.00	47.00	10117.00
S3	8597.00	1295.00	67.00	9959.00
S3	8224.00	1334.00	60.00	9618.00
S3	8457.00	1329.00	46.00	9832.00
S3	8229.00	1346.00	46.00	9621.00
S3	8198.00	1324.00	46.00	9568.00
S3	8840.00	1323.00	46.00	10209.00
S3	8116.00	1336.00	45.00	9497.00
S3	7848.00	1313.00	45.00	9206.00
S3	7918.00	1331.00	45.00	9294.00
S3	8100.00	1326.00	47.00	9473.00
S3	8182.00	1333.00	45.00	9560.00
S3	9416.00	1326.00	47.00	10789.00
S3	7964.00	1333.00	47.00	9344.00
S3	11667.00	1350.00	46.00	13063.00
S3	8085.00	1330.00	47.00	9462.00
S3	8011.00	1353.00	64.00	9428.00
S3	7805.00	1335.00	46.00	9186.00
S3	8193.00	1344.00	46.00	9583.00
S3	8572.00	1342.00	48.00	9962.00
S3	8123.00	1348.00	62.00	9533.00
S3	7926.00	1341.00	48.00	9315.00
S3	8073.00	1353.00	48.00	9474.00
S3	7932.00	1365.00	47.00	9344.00
S3	7965.00	1337.00	46.00	9348.00
S3	7815.00	1344.00	45.00	9204.00
S3	7793.00	1340.00	49.00	9182.00
S3	8629.00	1359.00	47.00	10035.00
S3	7898.00	1346.00	49.00	9293.00
S3	7981.00	1357.00	47.00	9385.00
S3	8347.00	1347.00	49.00	9743.00
S3	8116.00	1353.00	46.00	9515.00
S3	8218.00	1347.00	47.00	9612.00
S3	8032.00	1369.00	64.00	9465.00
S3	8841.00	1353.00	47.00	10241.00
S3	8356.00	1362.00	64.00	9782.00
S3	8115.00	1357.00	48.00	9520.00
S3	8144.00	1355.00	62.00	9561.00
S3	7821.00	1339.00	49.00	9209.00
S3	7733.00	1375.00	68.00	9176.00
S3	8312.00	1357.00	64.00	9733.00
S3	8093.00	1357.00	70.00	9520.00
S3	8210.00	1367.00	64.00	9641.00
S3	8888.00	1346.00	66.00	10300.00
S3	8693.00	1359.00	64.00	10116.00
S3	8066.00	1358.00	68.00	9492.00
S3	8070.00	1371.00	68.00	9509.00
S3	8373.00	1357.00	66.00	9796.00
S3	8054.00	1361.00	64.00	9479.00
S3	8192.00	1359.00	65.00	9616.00
S3	8153.00	1373.00	64.00	9590.00
S3	9305.00	1354.00	62.00	10721.00
S3	8852.00	1363.00	65.00	10280.00
S3	9159.00	1370.00	63.00	10592.00
S3	10027.00	1385.00	68.00	11480.00
S3	8318.00	1399.00	50.00	9767.00
S3	8209.00	1387.00	54.00	9650.00
S3	9486.00	1429.00	62.00	10977.00
S3	8470.00	1383.00	48.00	9901.00
S3	8507.00	1408.00	65.00	9980.00
S3	10065.00	1377.00	66.00	11508.00
S3	8722.00	1379.00	64.00	10165.00
S3	8320.00	1430.00	49.00	9799.00
S3	10270.00	1393.00	49.00	11712.00
S3	9336.00	1389.00	68.00	10793.00
S3	8454.00	1420.00	49.00	9923.00
S3	8905.00	1449.00	49.00	10403.00
S3	8584.00	1449.00	51.00	10084.00
S3	8686.00	1410.00	51.00	10147.00
S3	10585.00	1444.00	50.00	12079.00
S3	8671.00	1442.00	50.00	10163.00
S3	8678.00	1452.00	50.00	10180.00
S3	8316.00	1426.00	51.00	9793.00
S3	8333.00	1462.00	49.00	9844.00
S3	8360.00	1401.00	66.00	9827.00
S3	9776.00	1449.00	69.00	11294.00
S3	8635.00	1450.00	50.00	10135.00
S3	9139.00	1441.00	50.00	10630.00
S3	11754.00	1428.00	53.00	13235.00
S3	8680.00	1442.00	50.00	10172.00
S3	8370.00	1448.00	49.00	9867.00
S3	8628.00	1467.00	50.00	10145.00
S3	8789.00	1405.00	67.00	10261.00
S3	8692.00	1467.00	51.00	10210.00
S3	8690.00	1474.00	51.00	10215.00
S3	9070.00	1466.00	49.00	10585.00
S3	8876.00	1470.00	51.00	10397.00
S3	8643.00	1477.00	51.00	10171.00
S3	8515.00	1457.00	50.00	10022.00
S3	9413.00	1475.00	51.00	10939.00
S3	8584.00	1465.00	49.00	10098.00
S3	8354.00	1401.00	67.00	9822.00
S3	8592.00	1492.00	51.00	10135.00
S3	10456.00	1470.00	50.00	11976.00
S3	8538.00	1474.00	49.00	10061.00
S3	9859.00	1491.00	50.00	11400.00
S3	9259.00	1479.00	50.00	10788.00
S3	9134.00	1455.00	51.00	10640.00
S3	8827.00	1464.00	48.00	10339.00
S3	8411.00	1471.00	51.00	9933.00
S3	8621.00	1390.00	64.00	10075.00
S3	9486.00	1487.00	53.00	11026.00
S3	8881.00	1404.00	51.00	10336.00
S3	9706.00	1488.00	50.00	11244.00
S3	10273.00	1484.00	51.00	11808.00
S3	8699.00	1491.00	52.00	10242.00
S3	9064.00	1492.00	50.00	10606.00
S3	8907.00	1489.00	50.00	10446.00
S3	8682.00	1480.00	53.00	10215.00
S3	9052.00	1498.00	51.00	10601.00
S3	8666.00	1495.00	51.00	10212.00
S3	8624.00	1424.00	69.00	10117.00
S3	8632.00	1421.00	55.00	10108.00
S3	8842.00	1484.00	50.00	10376.00
S3	8500.00	1508.00	52.00	10060.00
S3	9612.00	1529.00	51.00	11192.00
S3	9186.00	1508.00	53.00	10747.00
S3	8425.00	1514.00	52.00	9991.00
S3	9365.00	1499.00	50.00	10914.00
S3	8583.00	1498.00	50.00	10131.00
S3	8625.00	1514.00	52.00	10191.00
S3	9094.00	1516.00	51.00	10661.00
S3	9645.00	1514.00	52.00	11211.00
S3	9308.00	1526.00	50.00	10884.00
S3	11114.00	1509.00	51.00	12674.00
S3	9758.00	1515.00	52.00	11325.00
S3	10513.00	1522.00	53.00	12088.00
S3	9417.00	1513.00	53.00	10983.00
S3	9166.00	1521.00	52.00	10739.00
S3	9117.00	1514.00	54.00	10685.00
S3	9269.00	1527.00	52.00	10848.00
S3	8903.00	1529.00	52.00	10484.00
S3	9133.00	1495.00	52.00	10680.00
S3	9213.00	1511.00	52.00	10776.00
S3	9341.00	1517.00	52.00	10910.00
S3	9559.00	1530.00	54.00	11143.00
S3	9348.00	1523.00	53.00	10924.00
S3	9268.00	1530.00	52.00	10850.00
S3	9827.00	1525.00	53.00	11405.00
S3	9170.00	1528.00	52.00	10750.00
S3	9083.00	1533.00	53.00	10669.00
S3	9409.00	1497.00	53.00	10959.00
S3	9459.00	1498.00	53.00	11010.00
S3	9140.00	1498.00	52.00	10690.00
S3	9216.00	1512.00	54.00	10782.00
S3	9655.00	1522.00	54.00	11231.00
S3	10267.00	1527.00	55.00	11849.00
S3	9334.00	1522.00	53.00	10909.00
S3	9930.00	1514.00	53.00	11497.00
S3	9374.00	1532.00	53.00	10959.00
S3	9382.00	1530.00	53.00	10965.00
S3	9129.00	1540.00	54.00	10723.00
S3	10546.00	1519.00	52.00	12117.00
S3	9170.00	1526.00	53.00	10749.00
S3	9027.00	1513.00	53.00	10593.00
S3	9031.00	1511.00	55.00	10597.00
S3	9252.00	1529.00	54.00	10835.00
S3	9204.00	1520.00	54.00	10778.00
S3	9111.00	1522.00	54.00	10687.00
S3	8951.00	1537.00	54.00	10542.00
S3	9348.00	1524.00	54.00	10926.00
S3	9693.00	1550.00	55.00	11298.00
S3	9282.00	1544.00	54.00	10880.00
S3	9428.00	1465.00	58.00	10951.00
S3	9639.00	1525.00	54.00	11218.00
*** S3 MAX ***
S3	29.00	22.00	0.00	51.00
S3	38.00	27.00	0.00	65.00
S3	31.00	9.00	0.00	40.00
S3	40.00	13.00	0.00	53.00
S3	63.00	16.00	0.00	79.00
S3	71.00	29.00	10.00	110.00
S3	94.00	16.00	1.00	111.00
S3	92.00	29.00	1.00	122.00
S3	99.00	18.00	1.00	118.00
S3	118.00	17.00	1.00	136.00
S3	118.00	17.00	0.00	135.00
S3	135.00	19.00	0.00	154.00
S3	133.00	24.00	10.00	167.00
S3	133.00	40.00	0.00	173.00
S3	170.00	24.00	0.00	194.00
S3	169.00	22.00	0.00	191.00
S3	154.00	24.00	0.00	178.00
S3	175.00	32.00	0.00	207.00
S3	200.00	52.00	0.00	252.00
S3	198.00	27.00	0.00	225.00
S3	250.00	29.00	0.00	279.00
S3	200.00	31.00	0.00	231.00
S3	273.00	34.00	0.00	307.00
S3	544.00	35.00	0.00	579.00
S3	223.00	34.00	0.00	257.00
S3	273.00	34.00	0.00	307.00
S3	242.00	36.00	0.00	278.00
S3	238.00	40.00	0.00	278.00
S3	336.00	38.00	0.00	374.00
S3	318.00	39.00	0.00	357.00
S3	285.00	40.00	0.00	325.00
S3	314.00	50.00	0.00	364.00
S3	310.00	43.00	0.00	353.00
S3	296.00	44.00	0.00	340.00
S3	365.00	46.00	0.00	411.00
S3	310.00	47.00	0.00	357.00
S3	327.00	58.00	0.00	385.00
S3	388.00	49.00	0.00	437.00
S3	343.00	51.00	0.00	394.00
S3	416.00	51.00	0.00	467.00
S3	358.00	65.00	0.00	423.00
S3	364.00	56.00	0.00	420.00
S3	391.00	94.00	11.00	496.00
S3	379.00	59.00	0.00	438.00
S3	471.00	64.00	0.00	535.00
S3	406.00	65.00	0.00	471.00
S3	458.00	58.00	11.00	527.00
S3	430.00	60.00	0.00	490.00
S3	580.00	60.00	1.00	641.00
S3	462.00	63.00	0.00	525.00
S3	433.00	89.00	1.00	523.00
S3	468.00	129.00	0.00	597.00
S3	475.00	102.00	1.00	578.00
S3	473.00	67.00	11.00	551.00
S3	457.00	90.00	1.00	548.00
S3	516.00	69.00	1.00	586.00
S3	456.00	144.00	1.00	601.00
S3	515.00	80.00	12.00	607.00
S3	491.00	74.00	1.00	566.00
S3	583.00	74.00	1.00	658.00
S3	523.00	75.00	1.00	599.00
S3	761.00	77.00	1.00	839.00
S3	588.00	79.00	20.00	687.00
S3	552.00	77.00	1.00	630.00
S3	544.00	78.00	1.00	623.00
S3	638.00	80.00	1.00	719.00
S3	603.00	82.00	1.00	686.00
S3	592.00	83.00	1.00	676.00
S3	635.00	84.00	2.00	721.00
S3	572.00	86.00	16.00	674.00
S3	634.00	87.00	17.00	738.00
S3	615.00	93.00	2.00	710.00
S3	640.00	90.00	2.00	732.00
S3	672.00	90.00	2.00	764.00
S3	598.00	92.00	2.00	692.00
S3	643.00	105.00	2.00	750.00
S3	797.00	104.00	2.00	903.00
S3	809.00	105.00	2.00	916.00
S3	838.00	119.00	1.00	958.00
S3	992.00	108.00	16.00	1116.00
S3	757.00	114.00	1.00	872.00
S3	728.00	136.00	1.00	865.00
S3	764.00	128.00	1.00	893.00
S3	726.00	126.00	1.00	853.00
S3	741.00	125.00	2.00	868.00
S3	784.00	125.00	2.00	911.00
S3	725.00	123.00	2.00	850.00
S3	797.00	127.00	2.00	926.00
S3	764.00	122.00	1.00	887.00
S3	745.00	130.00	2.00	877.00
S3	797.00	131.00	2.00	930.00
S3	831.00	134.00	2.00	967.00
S3	804.00	123.00	1.00	928.00
S3	826.00	179.00	18.00	1023.00
S3	865.00	142.00	2.00	1009.00
S3	1010.00	139.00	2.00	1151.00
S3	948.00	139.00	2.00	1089.00
S3	853.00	141.00	2.00	996.00
S3	835.00	144.00	2.00	981.00
S3	933.00	134.00	3.00	1070.00
S3	986.00	151.00	2.00	1139.00
S3	945.00	138.00	3.00	1086.00
S3	1113.00	144.00	3.00	1260.00
S3	930.00	207.00	3.00	1140.00
S3	928.00	167.00	2.00	1097.00
S3	1018.00	150.00	3.00	1171.00
S3	986.00	152.00	3.00	1141.00
S3	1167.00	147.00	3.00	1317.00
S3	2399.00	164.00	2.00	2565.00
S3	1050.00	147.00	3.00	1200.00
S3	1120.00	158.00	2.00	1280.00
S3	1052.00	158.00	3.00	1213.00
S3	1024.00	160.00	3.00	1187.00
S3	1088.00	153.00	3.00	1244.00
S3	1232.00	156.00	4.00	1392.00
S3	1058.00	159.00	3.00	1220.00
S3	1193.00	162.00	3.00	1358.00
S3	1242.00	166.00	4.00	1412.00
S3	1114.00	161.00	3.00	1278.00
S3	1078.00	163.00	3.00	1244.00
S3	1150.00	158.00	3.00	1311.00
S3	1230.00	163.00	4.00	1397.00
S3	1252.00	163.00	4.00	1419.00
S3	1191.00	203.00	4.00	1398.00
S3	1201.00	169.00	4.00	1374.00
S3	1258.00	174.00	4.00	1436.00
S3	1170.00	170.00	4.00	1344.00
S3	1348.00	171.00	4.00	1523.00
S3	1242.00	173.00	4.00	1419.00
S3	1323.00	172.00	3.00	1498.00
S3	1215.00	174.00	4.00	1393.00
S3	1278.00	178.00	4.00	1460.00
S3	1224.00	197.00	4.00	1425.00
S3	1302.00	186.00	3.00	1491.00
S3	1224.00	176.00	4.00	1404.00
S3	1226.00	182.00	3.00	1411.00
S3	1386.00	185.00	3.00	1574.00
S3	2443.00	182.00	4.00	2629.00
S3	1467.00	185.00	4.00	1656.00
S3	1318.00	195.00	4.00	1517.00
S3	1297.00	191.00	4.00	1492.00
S3	1324.00	188.00	4.00	1516.00
S3	1305.00	190.00	4.00	1499.00
S3	1413.00	195.00	4.00	1612.00
S3	1365.00	195.00	4.00	1564.00
S3	1317.00	260.00	4.00	1581.00
S3	1654.00	198.00	5.00	1857.00
S3	1359.00	199.00	5.00	1563.00
S3	1365.00	222.00	4.00	1591.00
S3	1339.00	196.00	5.00	1540.00
S3	1457.00	203.00	4.00	1664.00
S3	1580.00	202.00	4.00	1786.00
S3	1558.00	200.00	5.00	1763.00
S3	1456.00	212.00	19.00	1687.00
S3	1428.00	208.00	20.00	1656.00
S3	2297.00	219.00	5.00	2521.00
S3	1616.00	246.00	5.00	1867.00
S3	1405.00	211.00	5.00	1621.00
S3	1523.00	205.00	4.00	1732.00
S3	1556.00	212.00	5.00	1773.00
S3	1419.00	210.00	5.00	1634.00
S3	1730.00	212.00	5.00	1947.00
S3	1425.00	225.00	5.00	1655.00
S3	1539.00	230.00	5.00	1774.00
S3	1471.00	216.00	5.00	1692.00
S3	1452.00	230.00	5.00	1687.00
S3	2853.00	224.00	5.00	3082.00
S3	1577.00	278.00	5.00	1860.00
S3	1540.00	226.00	5.00	1771.00
S3	1584.00	234.00	6.00	1824.00
S3	1492.00	237.00	5.00	1734.00
S3	1523.00	276.00	5.00	1804.00
S3	1546.00	226.00	5.00	1777.00
S3	1632.00	254.00	6.00	1892.00
S3	1521.00	263.00	6.00	1790.00
S3	1576.00	262.00	5.00	1843.00
S3	1492.00	226.00	33.00	1751.00
S3	1754.00	259.00	5.00	2018.00
S3	1466.00	247.00	6.00	1719.00
S3	1551.00	239.00	6.00	1796.00
S3	1495.00	259.00	6.00	1760.00
S3	1479.00	250.00	6.00	1735.00
S3	1666.00	266.00	5.00	1937.00
S3	1550.00	240.00	17.00	1807.00
S3	1748.00	267.00	6.00	2021.00
S3	1589.00	277.00	6.00	1872.00
S3	1754.00	257.00	5.00	2016.00
S3	1676.00	234.00	7.00	1917.00
S3	1635.00	241.00	7.00	1883.00
S3	1690.00	250.00	6.00	1946.00
S3	1756.00	237.00	37.00	2030.00
S3	1906.00	239.00	7.00	2152.00
S3	1692.00	288.00	6.00	1986.00
S3	1646.00	250.00	7.00	1903.00
S3	1717.00	252.00	7.00	1976.00
S3	1785.00	268.00	6.00	2059.00
S3	1663.00	256.00	7.00	1926.00
S3	3787.00	250.00	7.00	4044.00
S3	3649.00	269.00	6.00	3924.00
S3	2240.00	256.00	7.00	2503.00
S3	1817.00	330.00	6.00	2153.00
S3	1728.00	259.00	30.00	2017.00
S3	1762.00	295.00	7.00	2064.00
S3	1767.00	262.00	7.00	2036.00
S3	1803.00	264.00	7.00	2074.00
S3	1763.00	279.00	7.00	2049.00
S3	1760.00	297.00	7.00	2064.00
S3	1722.00	296.00	7.00	2025.00
S3	1754.00	303.00	7.00	2064.00
S3	1829.00	300.00	6.00	2135.00
S3	1866.00	311.00	7.00	2184.00
S3	1806.00	307.00	7.00	2120.00
S3	1770.00	311.00	7.00	2088.00
S3	2157.00	313.00	7.00	2477.00
S3	1945.00	317.00	7.00	2269.00
S3	1785.00	313.00	7.00	2105.00
S3	1915.00	319.00	7.00	2241.00
S3	1865.00	406.00	8.00	2279.00
S3	1889.00	328.00	7.00	2224.00
S3	2125.00	284.00	40.00	2449.00
S3	1845.00	365.00	7.00	2217.00
S3	1908.00	284.00	8.00	2200.00
S3	1891.00	327.00	7.00	2225.00
S3	2035.00	340.00	7.00	2382.00
S3	2003.00	302.00	8.00	2313.00
S3	1993.00	310.00	8.00	2311.00
S3	1976.00	421.00	15.00	2412.00
S3	1918.00	326.00	8.00	2252.00
S3	1977.00	329.00	7.00	2313.00
S3	1939.00	335.00	8.00	2282.00
S3	1962.00	334.00	8.00	2304.00
S3	2018.00	339.00	8.00	2365.00
S3	2479.00	339.00	8.00	2826.00
S3	2128.00	341.00	8.00	2477.00
S3	2068.00	347.00	8.00	2423.00
S3	1993.00	347.00	8.00	2348.00
S3	3400.00	363.00	8.00	3771.00
S3	2361.00	365.00	8.00	2734.00
S3	2545.00	309.00	8.00	2862.00
S3	2212.00	348.00	8.00	2568.00
S3	2123.00	351.00	8.00	2482.00
S3	2230.00	311.00	9.00	2550.00
S3	2232.00	375.00	8.00	2615.00
S3	2738.00	309.00	9.00	3056.00
S3	2174.00	346.00	8.00	2528.00
S3	2259.00	313.00	19.00	2591.00
S3	2696.00	345.00	8.00	3049.00
S3	2377.00	319.00	9.00	2705.00
S3	2351.00	353.00	8.00	2712.00
S3	2217.00	315.00	9.00	2541.00
S3	2169.00	354.00	8.00	2531.00
S3	2216.00	317.00	9.00	2542.00
S3	2286.00	354.00	8.00	2648.00
S3	2255.00	323.00	48.00	2626.00
S3	2332.00	363.00	23.00	2718.00
S3	2179.00	329.00	9.00	2517.00
S3	2278.00	338.00	9.00	2625.00
S3	2211.00	346.00	25.00	2582.00
S3	2276.00	332.00	9.00	2617.00
S3	2235.00	362.00	8.00	2605.00
S3	2211.00	368.00	9.00	2588.00
S3	2361.00	337.00	10.00	2708.00
S3	2388.00	363.00	8.00	2759.00
S3	2300.00	333.00	10.00	2643.00
S3	2491.00	423.00	9.00	2923.00
S3	2866.00	339.00	10.00	3215.00
S3	2243.00	375.00	9.00	2627.00
S3	2452.00	345.00	10.00	2807.00
S3	2312.00	400.00	9.00	2721.00
S3	2346.00	348.00	10.00	2704.00
S3	2362.00	409.00	9.00	2780.00
S3	2371.00	340.00	10.00	2721.00
S3	3031.00	384.00	9.00	3424.00
S3	2323.00	352.00	53.00	2728.00
S3	2336.00	425.00	9.00	2770.00
S3	2324.00	414.00	9.00	2747.00
S3	2431.00	419.00	9.00	2859.00
S3	2408.00	344.00	10.00	2762.00
S3	2319.00	381.00	9.00	2709.00
S3	2414.00	373.00	9.00	2796.00
S3	2463.00	370.00	9.00	2842.00
S3	3787.00	384.00	10.00	4181.00
S3	3078.00	392.00	9.00	3479.00
S3	2810.00	404.00	10.00	3224.00
S3	2582.00	443.00	9.00	3034.00
S3	2943.00	433.00	9.00	3385.00
S3	2636.00	435.00	9.00	3080.00
S3	2689.00	437.00	9.00	3135.00
S3	3353.00	434.00	9.00	3796.00
S3	2686.00	430.00	10.00	3126.00
S3	3889.00	436.00	9.00	4334.00
S3	2840.00	438.00	10.00	3288.00
S3	4318.00	446.00	10.00	4774.00
S3	2649.00	443.00	9.00	3101.00
S3	2527.00	434.00	10.00	2971.00
S3	2689.00	442.00	10.00	3141.00
S3	2713.00	446.00	10.00	3169.00
S3	2830.00	448.00	9.00	3287.00
S3	2657.00	444.00	9.00	3110.00
S3	2903.00	448.00	9.00	3360.00
S3	2859.00	448.00	10.00	3317.00
S3	2747.00	440.00	10.00	3197.00
S3	2899.00	455.00	10.00	3364.00
S3	2686.00	456.00	10.00	3152.00
S3	2530.00	453.00	10.00	2993.00
S3	2849.00	455.00	10.00	3314.00
S3	2809.00	462.00	10.00	3281.00
S3	2611.00	456.00	10.00	3077.00
S3	2785.00	463.00	10.00	3258.00
S3	3320.00	387.00	53.00	3760.00
S3	2832.00	457.00	10.00	3299.00
S3	2723.00	465.00	10.00	3198.00
S3	2639.00	391.00	11.00	3041.00
S3	2665.00	499.00	10.00	3174.00
S3	2682.00	392.00	11.00	3085.00
S3	2890.00	385.00	11.00	3286.00
S3	2874.00	443.00	10.00	3327.00
S3	3047.00	393.00	11.00	3451.00
S3	2983.00	386.00	11.00	3380.00
S3	2849.00	434.00	10.00	3293.00
S3	2930.00	393.00	11.00	3334.00
S3	2885.00	459.00	10.00	3354.00
S3	2965.00	452.00	11.00	3428.00
S3	2845.00	499.00	11.00	3355.00
S3	2871.00	578.00	10.00	3459.00
S3	2963.00	474.00	11.00	3448.00
S3	3049.00	484.00	10.00	3543.00
S3	2971.00	487.00	10.00	3468.00
S3	2865.00	496.00	11.00	3372.00
S3	2997.00	495.00	11.00	3503.00
S3	3113.00	522.00	11.00	3646.00
S3	3240.00	505.00	11.00	3756.00
S3	2881.00	496.00	11.00	3388.00
S3	2923.00	490.00	11.00	3424.00
S3	3022.00	502.00	11.00	3535.00
S3	4068.00	494.00	11.00	4573.00
S3	3226.00	496.00	12.00	3734.00
S3	3216.00	422.00	64.00	3702.00
S3	2919.00	495.00	25.00	3439.00
S3	3280.00	511.00	11.00	3802.00
S3	2871.00	428.00	64.00	3363.00
S3	2861.00	495.00	11.00	3367.00
S3	2984.00	519.00	11.00	3514.00
S3	3039.00	504.00	11.00	3554.00
S3	3675.00	515.00	27.00	4217.00
S3	3406.00	521.00	12.00	3939.00
S3	3214.00	442.00	13.00	3669.00
S3	2914.00	515.00	11.00	3440.00
S3	3078.00	438.00	13.00	3529.00
S3	2955.00	546.00	12.00	3513.00
S3	3023.00	487.00	12.00	3522.00
S3	3128.00	447.00	13.00	3588.00
S3	3120.00	481.00	12.00	3613.00
S3	3198.00	528.00	12.00	3738.00
S3	3212.00	443.00	13.00	3668.00
S3	3165.00	513.00	12.00	3690.00
S3	3147.00	458.00	13.00	3618.00
S3	3139.00	443.00	14.00	3596.00
S3	3080.00	491.00	12.00	3583.00
S3	3178.00	454.00	13.00	3645.00
S3	3090.00	501.00	12.00	3603.00
S3	3053.00	503.00	12.00	3568.00
S3	3128.00	532.00	12.00	3672.00
S3	3128.00	540.00	13.00	3681.00
S3	3176.00	549.00	12.00	3737.00
S3	3142.00	547.00	13.00	3702.00
S3	3213.00	548.00	12.00	3773.00
S3	3207.00	546.00	12.00	3765.00
S3	4052.00	465.00	12.00	4529.00
S3	3296.00	567.00	12.00	3875.00
S3	3478.00	576.00	12.00	4066.00
S3	3541.00	579.00	12.00	4132.00
S3	3306.00	584.00	12.00	3902.00
S3	3372.00	551.00	12.00	3935.00
S3	3346.00	557.00	13.00	3916.00
S3	3454.00	558.00	13.00	4025.00
S3	3990.00	468.00	14.00	4472.00
S3	3213.00	561.00	13.00	3787.00
S3	3371.00	478.00	14.00	3863.00
S3	3456.00	549.00	13.00	4018.00
S3	3346.00	552.00	13.00	3911.00
S3	3467.00	482.00	14.00	3963.00
S3	3511.00	554.00	13.00	4078.00
S3	3256.00	564.00	12.00	3832.00
S3	3512.00	490.00	14.00	4016.00
S3	3353.00	546.00	28.00	3927.00
S3	3219.00	565.00	13.00	3797.00
S3	3287.00	579.00	13.00	3879.00
S3	3317.00	494.00	74.00	3885.00
S3	3798.00	582.00	13.00	4393.00
S3	3434.00	485.00	14.00	3933.00
S3	3275.00	567.00	13.00	3855.00
S3	3573.00	582.00	13.00	4168.00
S3	3413.00	503.00	15.00	3931.00
S3	3603.00	582.00	13.00	4198.00
S3	3355.00	583.00	13.00	3951.00
S3	3478.00	503.00	14.00	3995.00
S3	3429.00	571.00	13.00	4013.00
S3	3785.00	578.00	13.00	4376.00
S3	3921.00	502.00	14.00	4437.00
S3	3627.00	573.00	13.00	4213.00
S3	3631.00	590.00	29.00	4250.00
S3	3612.00	508.00	15.00	4135.00
S3	3768.00	577.00	13.00	4358.00
S3	3823.00	507.00	14.00	4344.00
S3	3859.00	607.00	14.00	4480.00
S3	3524.00	517.00	15.00	4056.00
S3	3577.00	584.00	30.00	4191.00
S3	3462.00	516.00	14.00	3992.00
S3	3513.00	576.00	29.00	4118.00
S3	3706.00	539.00	14.00	4259.00
S3	3530.00	583.00	13.00	4126.00
S3	3814.00	552.00	15.00	4381.00
S3	3817.00	596.00	14.00	4427.00
S3	3810.00	622.00	32.00	4464.00
S3	3756.00	613.00	15.00	4384.00
S3	4100.00	616.00	14.00	4730.00
S3	3750.00	613.00	14.00	4377.00
S3	3669.00	609.00	14.00	4292.00
S3	3766.00	614.00	14.00	4394.00
S3	3828.00	613.00	14.00	4455.00
S3	3777.00	613.00	14.00	4404.00
S3	3776.00	616.00	14.00	4406.00
S3	3755.00	614.00	14.00	4383.00
S3	3801.00	609.00	14.00	4424.00
S3	3881.00	647.00	14.00	4542.00
S3	3859.00	636.00	14.00	4509.00
S3	3842.00	642.00	14.00	4498.00
S3	3987.00	664.00	13.00	4664.00
S3	3678.00	608.00	13.00	4299.00
S3	3740.00	543.00	80.00	4363.00
S3	3892.00	662.00	14.00	4568.00
S3	4115.00	539.00	15.00	4669.00
S3	3849.00	613.00	14.00	4476.00
S3	3939.00	650.00	15.00	4604.00
S3	3702.00	548.00	15.00	4265.00
S3	4251.00	623.00	14.00	4888.00
S3	3728.00	549.00	16.00	4293.00
S3	3778.00	629.00	31.00	4438.00
S3	3718.00	642.00	14.00	4374.00
S3	4319.00	553.00	16.00	4888.00
S3	4118.00	630.00	28.00	4776.00
S3	4038.00	680.00	14.00	4732.00
S3	3955.00	551.00	16.00	4522.00
S3	4241.00	639.00	15.00	4895.00
S3	4549.00	682.00	14.00	5245.00
S3	4097.00	659.00	16.00	4772.00
S3	4019.00	565.00	16.00	4600.00
S3	3790.00	668.00	15.00	4473.00
S3	3762.00	561.00	16.00	4339.00
S3	3843.00	683.00	15.00	4541.00
S3	4258.00	698.00	15.00	4971.00
S3	3923.00	566.00	16.00	4505.00
S3	3759.00	674.00	14.00	4447.00
S3	3937.00	692.00	15.00	4644.00
S3	4141.00	570.00	16.00	4727.00
S3	3892.00	710.00	15.00	4617.00
S3	3998.00	698.00	15.00	4711.00
S3	3852.00	568.00	84.00	4504.00
S3	4157.00	661.00	14.00	4832.00
S3	4416.00	718.00	15.00	5149.00
S3	4706.00	667.00	24.00	5397.00
S3	4428.00	670.00	15.00	5113.00
S3	5927.00	697.00	15.00	6639.00
S3	3920.00	700.00	15.00	4635.00
S3	3944.00	582.00	17.00	4543.00
S3	4011.00	663.00	16.00	4690.00
S3	4079.00	710.00	15.00	4804.00
S3	4122.00	714.00	15.00	4851.00
S3	5127.00	585.00	17.00	5729.00
S3	4192.00	667.00	16.00	4875.00
S3	4747.00	725.00	16.00	5488.00
S3	4748.00	719.00	16.00	5483.00
S3	4311.00	591.00	17.00	4919.00
S3	7478.00	716.00	16.00	8210.00
S3	4250.00	722.00	15.00	4987.00
S3	6176.00	591.00	17.00	6784.00
S3	7793.00	707.00	16.00	8516.00
S3	4754.00	724.00	16.00	5494.00
S3	6202.00	666.00	16.00	6884.00
S3	4191.00	716.00	15.00	4922.00
S3	4422.00	593.00	17.00	5032.00
S3	4456.00	720.00	16.00	5192.00
S3	4246.00	712.00	16.00	4974.00
S3	6496.00	713.00	33.00	7242.00
S3	4422.00	607.00	18.00	5047.00
S3	4493.00	713.00	16.00	5222.00
S3	4357.00	738.00	16.00	5111.00
S3	4259.00	624.00	17.00	4900.00
S3	4219.00	703.00	25.00	4947.00
S3	6732.00	698.00	47.00	7477.00
S3	4113.00	680.00	16.00	4809.00
S3	4425.00	644.00	16.00	5085.00
S3	4330.00	732.00	17.00	5079.00
S3	4424.00	738.00	16.00	5178.00
S3	4265.00	732.00	16.00	5013.00
S3	5794.00	616.00	151.00	6561.00
S3	4211.00	745.00	17.00	4973.00
S3	4722.00	761.00	17.00	5500.00
S3	4589.00	750.00	16.00	5355.00
S3	4521.00	761.00	17.00	5299.00
S3	5407.00	756.00	16.00	6179.00
S3	4561.00	629.00	19.00	5209.00
S3	4570.00	628.00	19.00	5217.00
S3	4313.00	713.00	17.00	5043.00
S3	4407.00	753.00	17.00	5177.00
S3	4527.00	768.00	16.00	5311.00
S3	4293.00	757.00	17.00	5067.00
S3	4303.00	631.00	17.00	4951.00
S3	4398.00	620.00	31.00	5049.00
S3	4309.00	781.00	17.00	5107.00
S3	4468.00	800.00	17.00	5285.00
S3	4330.00	792.00	16.00	5138.00
S3	4371.00	635.00	18.00	5024.00
S3	4560.00	741.00	17.00	5318.00
S3	4781.00	650.00	200.00	5631.00
S3	4659.00	621.00	32.00	5312.00
S3	4348.00	628.00	19.00	4995.00
S3	4293.00	717.00	19.00	5029.00
S3	4459.00	783.00	17.00	5259.00
S3	4635.00	651.00	213.00	5499.00
S3	4566.00	793.00	17.00	5376.00
S3	4768.00	809.00	17.00	5594.00
S3	4554.00	811.00	17.00	5382.00
S3	4791.00	814.00	17.00	5622.00
S3	4708.00	812.00	18.00	5538.00
S3	4469.00	657.00	159.00	5285.00
S3	4540.00	736.00	19.00	5295.00
S3	4692.00	721.00	19.00	5432.00
S3	4562.00	702.00	19.00	5283.00
S3	5178.00	841.00	18.00	6037.00
S3	4496.00	789.00	17.00	5302.00
S3	4628.00	795.00	17.00	5440.00
S3	4594.00	785.00	17.00	5396.00
S3	4666.00	792.00	17.00	5475.00
S3	4873.00	794.00	17.00	5684.00
S3	4638.00	800.00	18.00	5456.00
S3	4624.00	798.00	31.00	5453.00
S3	4783.00	677.00	21.00	5481.00
S3	4682.00	814.00	18.00	5514.00
S3	4686.00	841.00	17.00	5544.00
S3	6522.00	794.00	17.00	7333.00
S3	4711.00	804.00	18.00	5533.00
S3	5161.00	807.00	18.00	5986.00
S3	4861.00	835.00	18.00	5714.00
S3	4749.00	848.00	18.00	5615.00
S3	5092.00	848.00	19.00	5959.00
S3	4719.00	847.00	18.00	5584.00
S3	5676.00	850.00	19.00	6545.00
S3	5198.00	847.00	19.00	6064.00
S3	5284.00	869.00	26.00	6179.00
S3	5058.00	821.00	19.00	5898.00
S3	4939.00	835.00	18.00	5792.00
S3	4961.00	817.00	37.00	5815.00
S3	4707.00	812.00	19.00	5538.00
S3	4771.00	821.00	19.00	5611.00
S3	5036.00	825.00	19.00	5880.00
S3	4955.00	823.00	36.00	5814.00
S3	4932.00	830.00	37.00	5799.00
S3	5025.00	826.00	20.00	5871.00
S3	5016.00	832.00	19.00	5867.00
S3	5361.00	829.00	22.00	6212.00
S3	5121.00	827.00	19.00	5967.00
S3	5202.00	815.00	36.00	6053.00
S3	4981.00	831.00	20.00	5832.00
S3	5107.00	837.00	20.00	5964.00
S3	5005.00	833.00	19.00	5857.00
S3	5103.00	832.00	20.00	5955.00
S3	5438.00	837.00	20.00	6295.00
S3	5069.00	838.00	20.00	5927.00
S3	5035.00	832.00	20.00	5887.00
S3	5634.00	841.00	19.00	6494.00
S3	4739.00	846.00	20.00	5605.00
S3	5139.00	780.00	20.00	5939.00
S3	4874.00	759.00	20.00	5653.00
S3	4978.00	853.00	18.00	5849.00
S3	5221.00	832.00	19.00	6072.00
S3	6088.00	839.00	20.00	6947.00
S3	5012.00	849.00	19.00	5880.00
S3	5062.00	852.00	20.00	5934.00
S3	5001.00	869.00	20.00	5890.00
S3	5282.00	850.00	20.00	6152.00
S3	5057.00	849.00	20.00	5926.00
S3	5164.00	851.00	20.00	6035.00
S3	5450.00	862.00	20.00	6332.00
S3	5259.00	852.00	20.00	6131.00
S3	5466.00	873.00	20.00	6359.00
S3	6325.00	852.00	20.00	7197.00
S3	5275.00	860.00	20.00	6155.00
S3	5146.00	861.00	20.00	6027.00
S3	5296.00	937.00	22.00	6255.00
S3	5001.00	898.00	20.00	5919.00
S3	5138.00	881.00	37.00	6056.00
S3	6520.00	850.00	19.00	7389.00
S3	5176.00	919.00	20.00	6115.00
S3	5656.00	850.00	19.00	6525.00
S3	5130.00	908.00	20.00	6058.00
S3	5265.00	885.00	20.00	6170.00
S3	5325.00	899.00	19.00	6243.00
S3	5103.00	904.00	19.00	6026.00
S3	5482.00	881.00	20.00	6383.00
S3	4999.00	929.00	20.00	5948.00
S3	5085.00	913.00	19.00	6017.00
S3	5752.00	895.00	21.00	6668.00
S3	5554.00	922.00	19.00	6495.00
S3	5741.00	926.00	20.00	6687.00
S3	5583.00	927.00	20.00	6530.00
S3	5373.00	916.00	22.00	6311.00
S3	5560.00	932.00	34.00	6526.00
S3	5294.00	888.00	20.00	6202.00
S3	5979.00	923.00	19.00	6921.00
S3	5686.00	932.00	20.00	6638.00
S3	5478.00	938.00	21.00	6437.00
S3	5453.00	926.00	20.00	6399.00
S3	5672.00	933.00	20.00	6625.00
S3	5375.00	934.00	20.00	6329.00
S3	5629.00	931.00	20.00	6580.00
S3	5652.00	939.00	21.00	6612.00
S3	5553.00	948.00	21.00	6522.00
S3	5582.00	942.00	21.00	6545.00
S3	5724.00	940.00	20.00	6684.00
S3	5498.00	945.00	21.00	6464.00
S3	5849.00	939.00	21.00	6809.00
S3	5415.00	941.00	21.00	6377.00
S3	5989.00	949.00	21.00	6959.00
S3	6801.00	934.00	20.00	7755.00
S3	5538.00	899.00	21.00	6458.00
S3	5893.00	950.00	20.00	6863.00
S3	5767.00	941.00	20.00	6728.00
S3	6001.00	941.00	22.00	6964.00
S3	5673.00	960.00	20.00	6653.00
S3	5796.00	959.00	20.00	6775.00
S3	5898.00	966.00	21.00	6885.00
S3	6167.00	965.00	21.00	7153.00
S3	6018.00	943.00	21.00	6982.00
S3	5705.00	965.00	21.00	6691.00
S3	5631.00	953.00	22.00	6606.00
S3	5692.00	954.00	21.00	6667.00
S3	5832.00	964.00	21.00	6817.00
S3	5576.00	959.00	22.00	6557.00
S3	5401.00	972.00	21.00	6394.00
S3	5551.00	980.00	23.00	6554.00
S3	5735.00	983.00	21.00	6739.00
S3	5539.00	1002.00	21.00	6562.00
S3	5451.00	965.00	22.00	6438.00
S3	5403.00	983.00	23.00	6409.00
S3	5974.00	972.00	22.00	6968.00
S3	5502.00	987.00	22.00	6511.00
S3	5573.00	978.00	22.00	6573.00
S3	6530.00	974.00	21.00	7525.00
S3	6604.00	948.00	23.00	7575.00
S3	5983.00	987.00	22.00	6992.00
S3	5727.00	974.00	21.00	6722.00
S3	6199.00	975.00	21.00	7195.00
S3	5546.00	1001.00	22.00	6569.00
S3	5988.00	1009.00	21.00	7018.00
S3	6036.00	1011.00	22.00	7069.00
S3	6061.00	1014.00	21.00	7096.00
S3	6488.00	1027.00	21.00	7536.00
S3	6466.00	983.00	21.00	7470.00
S3	6052.00	1009.00	21.00	7082.00
S3	5904.00	981.00	22.00	6907.00
S3	6048.00	985.00	21.00	7054.00
S3	7024.00	988.00	22.00	8034.00
S3	6300.00	983.00	21.00	7304.00
S3	5957.00	994.00	22.00	6973.00
S3	6059.00	1005.00	22.00	7086.00
S3	5972.00	1000.00	23.00	6995.00
S3	6227.00	994.00	22.00	7243.00
S3	6012.00	1009.00	22.00	7043.00
S3	7302.00	1042.00	22.00	8366.00
S3	7151.00	1039.00	22.00	8212.00
S3	6153.00	1004.00	22.00	7179.00
S3	5784.00	1026.00	21.00	6831.00
S3	6037.00	1029.00	23.00	7089.00
S3	6874.00	1043.00	22.00	7939.00
S3	6688.00	1029.00	22.00	7739.00
S3	5879.00	991.00	44.00	6914.00
S3	6762.00	1022.00	23.00	7807.00
S3	6244.00	1052.00	23.00	7319.00
S3	6056.00	1054.00	22.00	7132.00
S3	6128.00	1054.00	23.00	7205.00
S3	6267.00	1034.00	22.00	7323.00
S3	6550.00	1054.00	22.00	7626.00
S3	6031.00	1051.00	22.00	7104.00
S3	5789.00	1034.00	22.00	6845.00
S3	6089.00	1048.00	21.00	7158.00
S3	6320.00	1057.00	22.00	7399.00
S3	6179.00	1055.00	23.00	7257.00
S3	6107.00	1039.00	24.00	7170.00
S3	6180.00	1036.00	25.00	7241.00
S3	6333.00	1047.00	24.00	7404.00
S3	6376.00	1034.00	24.00	7434.00
S3	6313.00	1036.00	23.00	7372.00
S3	6363.00	1028.00	24.00	7415.00
S3	6500.00	1015.00	24.00	7539.00
S3	6343.00	1027.00	24.00	7394.00
S3	6167.00	1019.00	24.00	7210.00
S3	6442.00	1024.00	25.00	7491.00
S3	6336.00	1035.00	24.00	7395.00
S3	6176.00	1043.00	25.00	7244.00
S3	6263.00	1025.00	25.00	7313.00
S3	6767.00	1048.00	25.00	7840.00
S3	6649.00	1035.00	24.00	7708.00
S3	6564.00	1068.00	23.00	7655.00
S3	6510.00	1045.00	24.00	7579.00
S3	6356.00	1040.00	24.00	7420.00
S3	6670.00	1038.00	24.00	7732.00
S3	6968.00	1044.00	23.00	8035.00
S3	6371.00	1037.00	24.00	7432.00
S3	6457.00	1048.00	24.00	7529.00
S3	6411.00	1108.00	25.00	7544.00
S3	6425.00	1047.00	25.00	7497.00
S3	6656.00	1060.00	24.00	7740.00
S3	6309.00	1046.00	24.00	7379.00
S3	6379.00	1055.00	25.00	7459.00
S3	6433.00	1059.00	25.00	7517.00
S3	6133.00	1057.00	25.00	7215.00
S3	6363.00	1057.00	25.00	7445.00
S3	6175.00	1053.00	25.00	7253.00
S3	6166.00	1056.00	25.00	7247.00
S3	6121.00	1061.00	25.00	7207.00
S3	6243.00	1065.00	25.00	7333.00
S3	6654.00	1061.00	26.00	7741.00
S3	6499.00	1061.00	26.00	7586.00
S3	6534.00	1060.00	25.00	7619.00
S3	6422.00	1066.00	26.00	7514.00
S3	6353.00	1075.00	24.00	7452.00
S3	6397.00	1054.00	25.00	7476.00
S3	6271.00	1087.00	26.00	7384.00
S3	6818.00	1064.00	24.00	7906.00
S3	7378.00	1111.00	26.00	8515.00
S3	7916.00	1073.00	25.00	9014.00
S3	6990.00	1076.00	25.00	8091.00
S3	6664.00	1103.00	26.00	7793.00
S3	7124.00	982.00	25.00	8131.00
S3	6803.00	1122.00	40.00	7965.00
S3	6763.00	1104.00	24.00	7891.00
S3	6713.00	1092.00	23.00	7828.00
S3	6312.00	1093.00	24.00	7429.00
S3	6312.00	1076.00	23.00	7411.00
S3	6365.00	1092.00	24.00	7481.00
S3	6244.00	1074.00	39.00	7357.00
S3	7151.00	1087.00	24.00	8262.00
S3	6843.00	1088.00	24.00	7955.00
S3	7100.00	1099.00	25.00	8224.00
S3	7259.00	1092.00	26.00	8377.00
S3	6634.00	1115.00	42.00	7791.00
S3	7933.00	1120.00	41.00	9094.00
S3	7283.00	1116.00	40.00	8439.00
S3	6963.00	1133.00	26.00	8122.00
S3	6752.00	1128.00	25.00	7905.00
S3	7141.00	1122.00	25.00	8288.00
S3	6858.00	1125.00	39.00	8022.00
S3	6853.00	1126.00	25.00	8004.00
S3	6799.00	1131.00	25.00	7955.00
S3	7087.00	1127.00	25.00	8239.00
S3	6471.00	1127.00	26.00	7624.00
S3	6911.00	1136.00	26.00	8073.00
S3	7009.00	1139.00	25.00	8173.00
S3	7076.00	1152.00	26.00	8254.00
S3	7332.00	1144.00	26.00	8502.00
S3	7051.00	1146.00	26.00	8223.00
S3	7542.00	1152.00	26.00	8720.00
S3	6914.00	1138.00	26.00	8078.00
S3	6640.00	1142.00	26.00	7808.00
S3	7047.00	1152.00	26.00	8225.00
S3	6617.00	1150.00	26.00	7793.00
S3	6527.00	1154.00	26.00	7707.00
S3	7586.00	1149.00	25.00	8760.00
S3	7051.00	1165.00	26.00	8242.00
S3	7716.00	1159.00	26.00	8901.00
S3	6872.00	1161.00	25.00	8058.00
S3	6910.00	1149.00	25.00	8084.00
S3	6776.00	1151.00	26.00	7953.00
S3	6538.00	1152.00	25.00	7715.00
S3	6789.00	1153.00	26.00	7968.00
S3	6825.00	1142.00	25.00	7992.00
S3	6798.00	1161.00	26.00	7985.00
S3	7068.00	1181.00	27.00	8276.00
S3	8927.00	1144.00	47.00	10118.00
S3	6572.00	1168.00	26.00	7766.00
S3	6871.00	1178.00	26.00	8075.00
S3	7251.00	1220.00	26.00	8497.00
S3	8427.00	1203.00	26.00	9656.00
S3	7252.00	1195.00	26.00	8473.00
S3	6726.00	1208.00	26.00	7960.00
S3	7293.00	1219.00	26.00	8538.00
S3	6869.00	1213.00	26.00	8108.00
S3	7105.00	1211.00	25.00	8341.00
S3	7120.00	1222.00	27.00	8369.00
S3	7107.00	1222.00	26.00	8355.00
S3	7444.00	1204.00	26.00	8674.00
S3	6970.00	1192.00	26.00	8188.00
S3	6999.00	1221.00	25.00	8245.00
S3	7314.00	1213.00	27.00	8554.00
S3	6874.00	1213.00	26.00	8113.00
S3	7200.00	1219.00	27.00	8446.00
S3	7106.00	1213.00	26.00	8345.00
S3	6889.00	1218.00	25.00	8132.00
S3	7127.00	1232.00	26.00	8385.00
S3	6778.00	1228.00	26.00	8032.00
S3	6963.00	1238.00	26.00	8227.00
S3	6778.00	1234.00	27.00	8039.00
S3	6862.00	1215.00	26.00	8103.00
S3	7106.00	1216.00	27.00	8349.00
S3	7127.00	1230.00	26.00	8383.00
S3	7392.00	1221.00	25.00	8638.00
S3	6923.00	1226.00	26.00	8175.00
S3	7043.00	1153.00	45.00	8241.00
S3	6943.00	1156.00	27.00	8126.00
S3	6990.00	1215.00	26.00	8231.00
S3	6904.00	1181.00	28.00	8113.00
S3	7099.00	1251.00	27.00	8377.00
S3	7508.00	1237.00	26.00	8771.00
S3	7047.00	1242.00	27.00	8316.00
S3	6911.00	1159.00	47.00	8117.00
S3	7167.00	1243.00	26.00	8436.00
S3	6953.00	1243.00	27.00	8223.00
S3	7309.00	1241.00	26.00	8576.00
S3	7420.00	1249.00	26.00	8695.00
S3	9087.00	1280.00	28.00	10395.00
S3	7218.00	1256.00	27.00	8501.00
S3	7046.00	1226.00	28.00	8300.00
S3	7601.00	1237.00	28.00	8866.00
S3	7395.00	1242.00	26.00	8663.00
S3	7117.00	1202.00	27.00	8346.00
S3	7097.00	1248.00	28.00	8373.00
S3	7196.00	1241.00	27.00	8464.00
S3	7195.00	1230.00	28.00	8453.00
S3	7285.00	1242.00	28.00	8555.00
S3	7375.00	1256.00	26.00	8657.00
S3	7673.00	1263.00	26.00	8962.00
S3	8383.00	1263.00	28.00	9674.00
S3	7677.00	1269.00	28.00	8974.00
S3	7251.00	1248.00	26.00	8525.00
S3	8207.00	1255.00	27.00	9489.00
S3	10439.00	1266.00	27.00	11732.00
S3	13043.00	1246.00	26.00	14315.00
S3	8401.00	1181.00	28.00	9610.00
S3	7771.00	1256.00	28.00	9055.00
S3	7709.00	1252.00	27.00	8988.00
S3	7825.00	1263.00	26.00	9114.00
S3	7584.00	1281.00	28.00	8893.00
S3	7505.00	1263.00	27.00	8795.00
S3	7552.00	1253.00	27.00	8832.00
S3	8736.00	1279.00	28.00	10043.00
S3	7778.00	1257.00	27.00	9062.00
S3	7567.00	1281.00	26.00	8874.00
S3	7621.00	1264.00	81.00	8966.00
S3	7421.00	1255.00	27.00	8703.00
S3	8356.00	1270.00	29.00	9655.00
S3	7643.00	1263.00	29.00	8935.00
S3	7838.00	1288.00	28.00	9154.00
S3	7578.00	1260.00	87.00	8925.00
S3	7455.00	1260.00	83.00	8798.00
S3	7854.00	1276.00	28.00	9158.00
S3	8112.00	1293.00	28.00	9433.00
S3	7657.00	1261.00	28.00	8946.00
S3	8141.00	1267.00	28.00	9436.00
S3	9712.00	1289.00	28.00	11029.00
S3	8185.00	1277.00	28.00	9490.00
S3	8300.00	1280.00	27.00	9607.00
S3	8871.00	1283.00	29.00	10183.00
S3	8575.00	1303.00	27.00	9905.00
S3	7951.00	1285.00	28.00	9264.00
S3	8050.00	1291.00	28.00	9369.00
S3	8663.00	1286.00	29.00	9978.00
S3	7777.00	1290.00	29.00	9096.00
S3	8004.00	1316.00	29.00	9349.00
S3	8023.00	1309.00	29.00	9361.00
S3	7591.00	1293.00	29.00	8913.00
S3	7800.00	1316.00	28.00	9144.00
S3	7909.00	1298.00	29.00	9236.00
S3	8051.00	1311.00	29.00	9391.00
S3	7955.00	1296.00	29.00	9280.00
S3	7576.00	1298.00	29.00	8903.00
S3	8654.00	1319.00	29.00	10002.00
S3	8487.00	1298.00	27.00	9812.00
S3	8590.00	1314.00	29.00	9933.00
S3	7980.00	1325.00	29.00	9334.00
S3	7933.00	1303.00	28.00	9264.00
S3	7875.00	1349.00	43.00	9267.00
S3	8087.00	1298.00	29.00	9414.00
S3	7992.00	1309.00	29.00	9330.00
S3	8765.00	1305.00	28.00	10098.00
S3	8597.00	1295.00	31.00	9923.00
S3	8224.00	1334.00	30.00	9588.00
S3	8457.00	1329.00	28.00	9814.00
S3	8229.00	1346.00	49.00	9624.00
S3	8198.00	1324.00	29.00	9551.00
S3	8840.00	1323.00	28.00	10191.00
S3	8116.00	1336.00	43.00	9495.00
S3	7848.00	1313.00	29.00	9190.00
S3	7918.00	1331.00	44.00	9293.00
S3	8100.00	1326.00	29.00	9455.00
S3	8182.00	1333.00	43.00	9558.00
S3	9416.00	1326.00	29.00	10771.00
S3	7964.00	1333.00	29.00	9326.00
S3	11667.00	1350.00	46.00	13063.00
S3	8085.00	1330.00	29.00	9444.00
S3	8011.00	1353.00	30.00	9394.00
S3	7805.00	1335.00	28.00	9168.00
S3	8193.00	1344.00	45.00	9582.00
S3	8572.00	1342.00	29.00	9943.00
S3	8123.00	1348.00	29.00	9500.00
S3	7926.00	1341.00	30.00	9297.00
S3	8073.00	1353.00	29.00	9455.00
S3	7932.00	1365.00	46.00	9343.00
S3	7965.00	1337.00	28.00	9330.00
S3	7815.00	1344.00	46.00	9205.00
S3	7793.00	1340.00	30.00	9163.00
S3	8629.00	1359.00	49.00	10037.00
S3	7898.00	1346.00	30.00	9274.00
S3	7981.00	1357.00	49.00	9387.00
S3	8347.00	1347.00	30.00	9724.00
S3	8116.00	1353.00	47.00	9516.00
S3	8218.00	1347.00	29.00	9594.00
S3	8032.00	1369.00	30.00	9431.00
S3	8841.00	1353.00	29.00	10223.00
S3	8356.00	1362.00	31.00	9749.00
S3	8115.00	1357.00	30.00	9502.00
S3	8144.00	1355.00	31.00	9530.00
S3	7821.00	1339.00	31.00	9191.00
S3	7733.00	1375.00	31.00	9139.00
S3	8312.00	1357.00	30.00	9699.00
S3	8093.00	1357.00	31.00	9481.00
S3	8210.00	1367.00	32.00	9609.00
S3	8888.00	1346.00	30.00	10264.00
S3	8693.00	1359.00	31.00	10083.00
S3	8066.00	1358.00	31.00	9455.00
S3	8070.00	1371.00	31.00	9472.00
S3	8373.00	1357.00	29.00	9759.00
S3	8054.00	1361.00	30.00	9445.00
S3	8192.00	1359.00	32.00	9583.00
S3	8153.00	1373.00	30.00	9556.00
S3	9305.00	1354.00	29.00	10688.00
S3	8852.00	1363.00	31.00	10246.00
S3	9159.00	1370.00	32.00	10561.00
S3	10027.00	1385.00	32.00	11444.00
S3	8318.00	1399.00	32.00	9749.00
S3	8209.00	1387.00	33.00	9629.00
S3	9486.00	1429.00	31.00	10946.00
S3	8470.00	1383.00	31.00	9884.00
S3	8507.00	1408.00	31.00	9946.00
S3	10065.00	1377.00	31.00	11473.00
S3	8722.00	1379.00	31.00	10132.00
S3	8320.00	1430.00	31.00	9781.00
S3	10270.00	1393.00	31.00	11694.00
S3	9336.00	1389.00	32.00	10757.00
S3	8454.00	1420.00	31.00	9905.00
S3	8905.00	1449.00	31.00	10385.00
S3	8584.00	1449.00	31.00	10064.00
S3	8686.00	1410.00	32.00	10128.00
S3	10585.00	1444.00	32.00	12061.00
S3	8671.00	1442.00	32.00	10145.00
S3	8678.00	1452.00	31.00	10161.00
S3	8316.00	1426.00	32.00	9774.00
S3	8333.00	1462.00	31.00	9826.00
S3	8360.00	1401.00	32.00	9793.00
S3	9776.00	1449.00	32.00	11257.00
S3	8635.00	1450.00	31.00	10116.00
S3	9139.00	1441.00	32.00	10612.00
S3	11754.00	1428.00	33.00	13215.00
S3	8680.00	1442.00	32.00	10154.00
S3	8370.00	1448.00	31.00	9849.00
S3	8628.00	1467.00	32.00	10127.00
S3	8789.00	1405.00	32.00	10226.00
S3	8692.00	1467.00	33.00	10192.00
S3	8690.00	1474.00	31.00	10195.00
S3	9070.00	1466.00	31.00	10567.00
S3	8876.00	1470.00	32.00	10378.00
S3	8643.00	1477.00	33.00	10153.00
S3	8515.00	1457.00	32.00	10004.00
S3	9413.00	1475.00	32.00	10920.00
S3	8584.00	1465.00	32.00	10081.00
S3	8354.00	1401.00	32.00	9787.00
S3	8592.00	1492.00	32.00	10116.00
S3	10456.00	1470.00	31.00	11957.00
S3	8538.00	1474.00	31.00	10043.00
S3	9859.00	1491.00	31.00	11381.00
S3	9259.00	1479.00	31.00	10769.00
S3	9134.00	1455.00	32.00	10621.00
S3	8827.00	1464.00	30.00	10321.00
S3	8411.00	1471.00	31.00	9913.00
S3	8621.00	1390.00	56.00	10067.00
S3	9486.00	1487.00	33.00	11006.00
S3	8881.00	1404.00	47.00	10332.00
S3	9706.00	1488.00	31.00	11225.00
S3	10273.00	1484.00	32.00	11789.00
S3	8699.00	1491.00	33.00	10223.00
S3	9064.00	1492.00	31.00	10587.00
S3	8907.00	1489.00	32.00	10428.00
S3	8682.00	1480.00	32.00	10194.00
S3	9052.00	1498.00	31.00	10581.00
S3	8666.00	1495.00	32.00	10193.00
S3	8624.00	1424.00	33.00	10081.00
S3	8632.00	1421.00	59.00	10112.00
S3	8842.00	1484.00	31.00	10357.00
S3	8500.00	1508.00	32.00	10040.00
S3	9612.00	1529.00	31.00	11172.00
S3	9186.00	1508.00	33.00	10727.00
S3	8425.00	1514.00	34.00	9973.00
S3	9365.00	1499.00	31.00	10895.00
S3	8583.00	1498.00	31.00	10112.00
S3	8625.00	1514.00	32.00	10171.00
S3	9094.00	1516.00	32.00	10642.00
S3	9645.00	1514.00	33.00	11192.00
S3	9308.00	1526.00	32.00	10866.00
S3	11114.00	1509.00	32.00	12655.00
S3	9758.00	1515.00	32.00	11305.00
S3	10513.00	1522.00	32.00	12067.00
S3	9417.00	1513.00	33.00	10963.00
S3	9166.00	1521.00	33.00	10720.00
S3	9117.00	1514.00	33.00	10664.00
S3	9269.00	1527.00	33.00	10829.00
S3	8903.00	1529.00	33.00	10465.00
S3	9133.00	1495.00	32.00	10660.00
S3	9213.00	1511.00	32.00	10756.00
S3	9341.00	1517.00	32.00	10890.00
S3	9559.00	1530.00	34.00	11123.00
S3	9348.00	1523.00	33.00	10904.00
S3	9268.00	1530.00	32.00	10830.00
S3	9827.00	1525.00	33.00	11385.00
S3	9170.00	1528.00	32.00	10730.00
S3	9083.00	1533.00	33.00	10649.00
S3	9409.00	1497.00	33.00	10939.00
S3	9459.00	1498.00	33.00	10990.00
S3	9140.00	1498.00	33.00	10671.00
S3	9216.00	1512.00	34.00	10762.00
S3	9655.00	1522.00	33.00	11210.00
S3	10267.00	1527.00	34.00	11828.00
S3	9334.00	1522.00	33.00	10889.00
S3	9930.00	1514.00	33.00	11477.00
S3	9374.00	1532.00	33.00	10939.00
S3	9382.00	1530.00	33.00	10945.00
S3	9129.00	1540.00	34.00	10703.00
S3	10546.00	1519.00	32.00	12097.00
S3	9170.00	1526.00	33.00	10729.00
S3	9027.00	1513.00	33.00	10573.00
S3	9031.00	1511.00	34.00	10576.00
S3	9252.00	1529.00	34.00	10815.00
S3	9204.00	1520.00	34.00	10758.00
S3	9111.00	1522.00	33.00	10666.00
S3	8951.00	1537.00	34.00	10522.00
S3	9348.00	1524.00	34.00	10906.00
S3	9693.00	1550.00	35.00	11278.00
S3	9282.00	1544.00	34.00	10860.00
S3	9428.00	1465.00	64.00	10957.00
S3	9639.00	1525.00	34.00	11198.00